-0.710852	-0.0762043
-0.785157	-0.389804
-0.708345	-0.414824
-0.776553	-0.417881
-0.832025	-0.121874
-0.528835	-0.244223
-0.740533	-0.432092
-0.534796	-0.110865
-0.636754	-0.165337
-0.817723	-0.298317
-0.896781	-0.262791
-0.809433	-0.180321
-0.876352	-0.140729
-0.813392	-0.260657
-0.616616	-0.0623354
-0.0616859	0.472641
-0.151881	0.740304
0.224154	0.510216
-0.17073	0.658439
-0.0707	0.628798
-0.0695946	0.658152
-0.144406	0.7437
-0.121695	0.758783
-0.425791	0.793764
-0.366888	0.636171
-0.284751	0.598908
-0.458362	0.680118
-0.52924	0.738125
-0.619468	0.784435
-0.672824	0.67562
-0.731569	0.606725
-0.76192	0.681615
-0.772138	0.635434
-0.730893	0.620513
-0.780465	0.599346
-0.769429	0.655852
-0.570322	0.0693491
-0.644442	-0.132066
-0.7771	-0.0121407
-0.831535	0.162736
-0.825493	0.223563
-0.924115	0.295058
-0.980147	0.473024
-0.764867	0.422149
-0.736812	0.436912
-0.567322	0.344533
-0.409577	0.299927
-0.231023	0.258094
-0.55459	0.622199
-0.734396	0.847244
-0.583122	0.834299
-0.322358	0.821275
-0.254398	0.831008
-0.238356	0.873995
-0.269826	0.882993
-0.27746	0.885666
-0.382769	0.948636
-0.610631	0.891489
-0.33463	0.640512
0.00848286	0.617811
-0.134796	0.653164
-0.282391	0.761582
-0.335234	0.884383
-0.382834	0.983221
-0.478774	0.944931
-0.621008	0.911607
-0.624212	0.877363
-0.556044	0.452035
-0.488599	0.0189981
-0.518729	-0.0465571
-0.445225	-0.113483
-0.415297	-0.0800718
-0.425041	-0.0699686
-0.366868	-0.0126708
-0.347994	0.198344
-0.018951	0.295968
0.199319	0.480715
0.480919	0.455255
0.477491	0.686765
0.18772	0.641985
0.0459961	0.737536
0.105163	0.57299
0.109384	0.470423
0.0897977	0.333444
0.114068	0.261232
-0.0686512	0.296063
-0.333173	0.36705
-0.480344	0.451705
-0.442291	0.43655
-0.26538	0.443256
-0.0419761	0.707446
0.0699117	0.571983
0.0445302	0.594989
0.314	0.53323
0.389954	0.490096
0.247713	0.385759
0.0438703	0.2482
-0.219733	0.344798
-0.182693	-0.0127126
0.0241539	-0.177309
-0.0576514	0.14895
-0.427303	0.351257
-0.486225	0.0549088
-0.571818	0.0140013
-0.398977	0.211414
-0.411263	0.455968
-0.372637	0.332688
-0.356604	0.353449
-0.329942	0.588566
-0.398577	0.393676
-0.417196	0.121578
-0.549171	0.279458
-0.356225	0.376141
-0.112934	0.397507
0.0181631	0.388167
-0.0110009	0.572794
-0.228082	0.428312
-0.325335	-0.0198603
-0.295736	-0.135579
-0.131999	-0.12695
0.0409274	-0.240696
0.100216	-0.167508
-0.249039	-0.112737
0.080984	-0.0869013
-0.361262	0.115681
-0.55898	0.360796
-0.632761	0.420437
-0.641878	0.366771
-0.591051	0.391298
-0.695275	0.0197536
-0.773283	-0.0892324
-0.822984	-0.180028
-0.835025	-0.268771
-0.652974	-0.159211
-0.612968	-0.096219
-0.498077	-0.0364908
-0.210041	0.154657
-0.350857	-0.0225451
-0.656889	0.462795
-0.772737	0.498231
-0.467386	0.617531
-0.0728931	0.255157
-0.444309	0.233834
-0.357322	0.1247
-0.529263	0.117578
-0.433036	0.112227
-0.548489	0.175136
-0.584303	0.170021
-0.665742	0.147097
-0.648539	0.182157
-0.396492	0.0953791
-0.321002	-0.0102004
-0.309344	-0.19185
-0.261448	-0.407601
-0.380731	-0.444103
-0.225595	-0.432869
-0.0531778	-0.600894
-0.140765	-0.467063
-0.0192932	-0.46839
0.135942	-0.461929
0.238868	0.0116425
0.00816758	0.0667682
0.0207209	0.0877637
0.0205069	0.199521
-0.158299	0.0432748
-0.361072	0.043675
-0.104029	0.0423029
-0.34409	0.0772778
-0.547107	0.203183
-0.427706	0.195018
-0.446265	0.260386
-0.620562	0.429409
-0.532032	0.396977
-0.602363	0.561841
-0.0700272	0.66468
0.127129	0.621606
-0.00976978	0.357341
-0.224718	0.146017
-0.075825	-0.151624
-0.187832	-0.190337
-0.0464468	-0.100374
-0.603209	-0.632498
-0.496733	-0.604067
-0.470585	-0.297871
-0.367987	-0.11285
-0.133261	-0.156507
-0.153687	-0.288002
-0.0486785	-0.392357
-0.319172	-0.157352
-0.230735	-0.217083
-0.333028	-0.148044
-0.252824	-0.130147
-0.350242	-0.0953621
-0.551425	0.0032503
-0.643779	-0.289219
-0.817566	-0.320458
-0.817031	-0.257182
-0.839121	-0.366921
-0.960087	-0.426861
-0.693453	-0.248807
-0.961262	-0.0323232
-0.784393	-0.305245
-0.788072	-0.282528
-0.791732	-0.283698
-0.896285	-0.422004
-0.396525	-0.0328682
-0.562181	-0.0519123
-0.75372	-0.112966
-0.840601	-0.418336
-1.02564	-0.312749
-0.803068	-0.137401
-0.547792	-0.221187
-0.629345	0.0156817
-0.789014	-0.0558888
-0.938667	-0.164249
-0.818451	-0.217135
-0.737036	-0.198209
-0.93717	0.223544
-0.54122	0.571106
-0.509239	0.0382196
-0.324874	-0.0599269
-0.00675867	-0.136925
0.10086	-0.280457
-0.017189	-0.483687
-0.191952	-0.4243
-0.349622	-0.166557
-0.394007	-0.164427
-0.493664	-0.0665702
-0.597342	-0.0418654
-0.529977	-0.0269798
-0.562119	0.0710471
-0.586543	0.212042
-0.609493	0.403209
-0.501902	0.516033
-0.431657	0.65519
-0.56497	0.835593
-0.649085	0.958063
-0.665325	1.10015
-0.631369	1.06773
-0.540319	1.02933
-0.3798	0.951419
-0.431798	0.888681
-0.483537	0.795835
-0.615396	0.683271
-0.711282	0.443122
-0.647504	0.154927
-0.457942	-0.00433808
-0.197764	0.00360156
0.0382801	0.108972
0.102449	0.217342
0.0936728	0.417631
-0.131582	0.428202
-0.448037	0.241644
-0.331862	-0.153972
-0.177271	-0.116078
-0.701046	0.0638001
-0.437544	-0.0914761
-0.53203	-0.221298
-0.378142	-0.151466
-0.51928	-0.321406
-0.773612	-0.188042
-0.81772	-0.152451
-0.778316	-0.140795
-0.768269	-0.118046
-0.789039	-0.0726002
-0.830074	-0.0528855
-0.731405	-0.161216
-0.702499	-0.210287
-0.709549	-0.2643
-0.714551	-0.332294
-0.680087	-0.392538
-0.738729	-0.371687
-0.80548	-0.238149
-0.595997	-0.216239
-0.520901	-0.0356051
-0.565397	0.105562
-0.622096	0.259154
-0.900974	0.384936
-0.892635	0.53479
-0.801401	0.49884
-0.871958	0.509473
-0.899153	0.515113
-0.881781	0.400898
-0.919835	0.472171
-0.608257	-0.038779
-0.527006	-0.258806
-0.59463	-0.158893
-0.697112	-0.0144475
-0.849414	0.128331
-0.814507	0.406757
-0.76464	0.643605
-0.673347	0.576148
-0.626398	0.630069
-0.257339	0.609162
-0.142237	0.597234
-0.353032	0.39404
-0.357692	0.340419
-0.102519	0.399813
-0.408262	0.216633
-0.482998	-0.0122485
-0.576559	0.0215142
-0.885551	-0.052851
-0.98738	-0.149818
-0.52993	0.16576
-0.890742	-0.143003
-0.793852	-0.263819
-0.573243	-0.335127
-0.979468	-0.18288
-0.137744	-0.0296602
-0.0692413	0.0472543
-0.11935	0.0429321
-0.0862631	0.14152
-0.385147	0.214686
-0.895005	-0.0774053
-0.389215	0.0337363
-0.188466	-0.1337
-0.0789885	-0.172457
-0.116159	-0.124768
-0.0676232	-0.101557
-0.0368037	-0.0679796
-0.0315242	-0.0396411
-0.0156266	0.00879413
0.0190142	0.0781605
-0.0768559	0.33991
-0.136787	0.12511
-0.765558	-0.183838
-0.827489	-0.115204
-0.505817	-0.189608
-0.495329	0.00816187
-0.372918	-0.127362
-0.0458594	-0.268698
-0.457873	-0.0108779
0.16786	0.121573
0.0999243	0.412619
0.45033	0.230091
0.226486	0.138766
0.0178936	0.130507
-0.151788	-0.0251924
-0.285468	0.00387064
-0.149715	0.0935985
-0.338387	0.0771556
-0.517365	0.141769
-0.479132	0.218897
-0.252425	0.372417
-0.147904	0.42526
-0.0530678	0.706284
-0.515734	0.563156
-0.177695	0.192744
-0.32363	0.369042
0.206466	0.462554
0.480062	0.237905
0.421495	-0.0366908
-0.0546424	-0.311379
-0.353424	-0.207086
-0.52588	-0.178181
-0.711634	-0.244653
-0.525257	-0.212785
-0.4405	-0.106559
-0.472663	-0.0347987
-0.500018	0.171745
-0.680058	0.14461
-0.54972	0.2402
-0.374082	-0.137123
-0.515675	-0.353207
-0.582057	-0.206947
-0.82299	0.185379
-0.811676	0.463641
-0.694155	0.541723
-0.561546	0.437663
-0.326371	0.303822
-0.0494952	0.621348
0.210208	0.866377
0.224043	1.00787
-0.0382091	1.01241
-0.326874	0.684121
-0.272489	0.609854
-0.432857	0.735547
-0.315795	0.640112
-0.234846	0.667159
-0.209689	0.591278
-0.0711426	0.518262
0.0985903	0.401758
-0.151591	0.360387
-0.116801	0.144808
-0.272146	0.155239
-0.766553	-0.31244
-0.844439	-0.210016
-0.918777	-0.487426
-0.433048	-0.277228
-0.0410751	0.452054
-0.363435	0.67248
-0.278279	0.315155
-0.366468	-0.0547894
-0.343737	-0.185284
-0.20664	-0.167445
-0.179022	0.325032
-0.0894025	0.222796
0.325892	-0.123531
0.249332	0.110895
-0.202054	0.00369925
-0.536629	0.0387447
-0.720247	0.0238958
-0.603578	-0.113005
-0.62146	-0.210182
-0.770645	-0.122702
-0.251266	-0.126844
-0.515521	-0.251375
-0.560418	-0.326934
-0.756694	-0.291361
-0.732498	-0.293216
-0.826404	-0.253327
-0.734595	-0.297317
-0.735094	-0.320237
-0.740347	-0.264026
-0.738467	-0.123202
-0.658885	-0.0350141
-0.653429	0.505028
-0.689384	0.648187
-0.411604	0.467553
-0.26968	0.357334
-0.00181239	0.190529
-0.0522692	0.212827
0.0674839	0.0305435
-0.0621346	0.217078
0.091241	0.558346
-0.0501692	0.230922
-0.309492	0.131656
-0.284795	-0.0235997
-0.200697	0.25139
-0.229855	0.139677
-0.758476	-0.0890883
-0.89596	-0.317871
-0.896376	-0.260737
-0.781113	-0.243857
-0.789159	-0.330534
-0.792195	-0.339165
-0.784285	-0.279267
-0.760842	-0.353099
-0.567277	-0.222416
-0.687015	-0.175999
-0.658069	-0.207035
-0.267624	0.101374
-0.31425	-0.0878472
-0.482695	0.354937
-0.301527	0.493741
-0.196773	0.432399
0.0430613	0.469185
0.222331	0.3459
0.158907	0.0074833
-0.0112038	-0.0242119
-0.169776	-0.123131
-0.255198	-0.485444
-0.404906	-0.355465
-0.733047	0.0378528
-0.557528	0.0374027
-0.502439	0.122415
-0.651905	0.188656
-0.401777	0.0295267
-0.765366	-0.211653
-0.700687	-0.146187
-0.645298	-0.244364
-0.142175	0.0329776
-0.242873	-0.0441931
-0.286001	-0.177473
-0.318486	-0.26553
-0.216672	-0.229586
-0.0158114	-0.0976721
0.101438	0.0438806
0.290862	0.21429
0.286473	-0.197455
-0.166248	-0.264551
-0.269386	-0.31748
0.0114165	-0.327792
-0.301028	-0.302648
-0.18897	-0.0233391
0.214723	0.455379
-0.149771	0.256411
-0.465291	0.290783
-0.337959	0.173777
-0.439535	0.172583
-0.783523	0.325059
-0.781446	0.26208
-0.676397	0.147432
-0.550409	0.181355
-0.285982	0.210459
-0.183933	0.030786
-0.206414	0.0668195
-0.471455	-0.130582
-0.521446	-0.313992
-0.434652	-0.43854
-0.25802	-0.401596
-0.187383	-0.324487
0.0324599	-0.234729
0.242856	-0.13066
0.107125	-0.0918564
-0.107357	0.0518636
0.0425138	-0.0769013
-0.252717	-0.199594
0.168664	-0.224402
0.051308	0.062258
-0.0864917	0.566567
-0.149588	0.442127
-0.138152	0.496617
0.0239373	0.392632
0.170433	0.344468
0.221687	0.423663
0.128291	0.383997
0.270676	0.422755
0.0438852	0.260362
-0.404172	0.255006
-0.741442	-0.126707
-1.0031	-0.144915
-1.05536	-0.100143
-1.07124	0.0720848
-1.15753	-0.0811584
-1.06579	-0.0196545
-0.858975	0.202121
-0.990618	0.0360896
-0.746939	0.785988
-0.465099	0.823384
-0.50945	0.725733
-0.524988	0.57241
-0.508849	0.55018
-0.445571	0.397837
-0.332048	0.218566
-0.129897	0.164559
0.212384	0.0870324
0.191107	0.202079
0.203116	0.356271
0.333198	0.396886
0.224886	0.55117
0.340696	0.513569
0.184912	0.348007
-0.0803627	0.486128
-0.440545	0.54806
-0.614123	0.435944
-0.168768	-0.0459417
-0.367557	0.451909
-0.627055	0.669434
-0.49159	0.642777
-0.514661	-0.0185469
-0.598308	-0.0356978
-0.629816	-0.126667
-0.834241	-0.0351032
-0.962272	-0.0845532
-1.02458	0.0220312
-0.981271	0.0646399
-0.923758	0.173372
-0.842252	0.37168
-0.650899	0.548257
-0.385166	0.743748
-0.227041	0.865793
-0.145685	1.00651
-0.279181	1.17581
-0.401941	1.17802
-0.428346	1.08164
-0.451483	0.873021
-0.274562	0.838081
-0.250649	0.789502
-0.261892	0.847725
-0.195961	0.634797
-0.0954299	0.496997
-0.232878	0.581039
-0.170065	0.484713
0.0996797	0.32985
-0.208797	0.133207
-0.321185	-0.207289
-0.32303	-0.178048
-0.293949	-0.112314
-0.168773	-0.482658
-0.334428	-0.337882
-0.201177	-0.392579
-0.253098	-0.331549
-0.154006	-0.061658
-0.238166	-0.227669
-0.286548	-0.0970187
-0.397998	-0.0845865
-0.449794	0.0259934
-0.455751	-0.228038
-0.537142	-0.216764
-0.682626	-0.212525
-0.609058	-0.206423
-0.742184	-0.276361
-0.526209	-0.240852
-0.888602	-0.217998
-0.670611	-0.0906461
-0.676907	-0.265102
-0.509803	-0.398117
-0.280265	-0.195076
-0.12556	-0.0882496
-0.0440037	0.0153313
0.0120418	0.0286617
0.0390425	0.144871
0.0254381	0.0276926
-0.186092	-0.00320893
-0.27966	0.131241
-0.649738	-0.00861507
-0.619804	-0.0464228
-0.797687	0.0507557
-0.758746	-0.0915739
-0.652987	-0.284709
-0.836259	-0.135555
-0.955784	-0.246545
-0.779552	-0.334831
-0.954087	-0.488043
-0.473963	-0.11313
-0.813381	-0.250959
-0.807132	-0.134923
-0.923006	-0.487199
-0.888945	-0.373706
-0.839798	-0.375356
-0.693072	-0.300049
-0.693052	-0.249687
-0.733189	-0.14616
-0.34638	0.0310441
0.100454	0.324495
0.096257	0.557841
0.0523087	0.517663
-0.116937	0.434748
0.0239723	0.338505
0.0736902	0.477672
-0.347479	0.486337
-0.456161	0.649916
-0.325361	0.872701
-0.369788	0.607244
-0.286789	0.566506
-0.0788112	0.684383
0.236473	0.625707
0.0519948	0.53852
-0.0811581	0.269718
-0.267419	0.255255
-0.403797	0.0799362
-0.461283	-0.186229
-0.471425	-0.126083
-0.332424	-0.245696
-0.406183	-0.110784
-0.355968	-0.187964
-0.598757	-0.248836
-0.450006	-0.143846
-0.294923	0.202678
-0.577468	0.45282
-0.664325	0.317551
-0.685032	0.284919
-0.948351	0.432564
-0.975467	0.454387
-0.896793	0.41035
-0.908122	0.485218
-0.788617	0.487661
-0.666774	0.569636
-0.54353	0.585045
-0.556739	0.509082
-0.489072	0.412901
-0.55898	0.432096
-0.478768	0.510055
-0.353386	0.461298
-0.429832	0.51143
-0.426368	0.602685
-0.31264	0.75744
-0.343642	0.738809
0.107475	0.595613
0.215127	0.684975
0.196358	0.676322
-0.381054	0.430473
-0.193789	0.590896
-0.197839	0.800684
-0.275975	0.325151
-0.141812	0.237224
-0.0487183	0.579375
0.124379	0.291065
0.110149	0.00335096
-0.405845	0.179684
-0.9173	0.15163
-0.930921	-0.00398864
-0.977824	-0.0786182
-0.949139	-0.205645
-0.895819	-0.350963
-0.681114	-0.480212
-0.440679	-0.45492
-0.0689056	-0.173678
-0.07205	0.252002
-0.557323	-0.165562
-0.893814	-0.00216271
-1.09696	-0.0748793
-1.10439	-0.0155279
-0.860763	0.187568
-0.835997	-0.0262076
-0.843029	0.100336
-0.414295	0.41639
-0.529713	0.554705
-0.403294	0.641847
-0.362358	0.674233
-0.425859	0.681854
-0.314362	0.82213
0.0346025	0.340224
-0.205139	0.222862
-0.428262	0.177983
-0.645807	0.117328
-0.759505	-0.0266746
-0.736463	-0.175667
-0.65271	-0.0132657
-0.638244	-0.221015
-0.518277	-0.432152
-0.549178	-0.423845
-0.535124	-0.407949
-0.342549	-0.243781
-0.70921	0.410186
-0.852404	0.539117
-0.74537	0.526131
-0.744452	0.490337
-0.69443	0.592073
-0.690467	0.593822
-0.616078	0.624184
-0.619698	0.60924
-0.333457	0.486976
-0.266202	0.54278
-0.141912	0.556788
-0.00265825	0.45188
-0.0986417	0.489945
0.0294527	0.370947
-0.204574	0.44201
-0.333355	0.394568
-0.356781	0.543821
-0.366061	0.623517
-0.23071	0.770227
0.0970135	0.608171
0.00406903	0.476652
-0.0348228	0.349098
-0.0451034	0.424224
-0.0134203	0.235135
-0.238813	0.246553
-0.272858	0.14841
-0.432484	0.0848898
-1.41808	-0.158385
-1.3429	0.201504
-0.443437	-0.193117
-0.0330762	-0.0286123
-0.121359	0.32353
0.0774287	0.683799
-0.447089	0.636574
-0.564638	0.526425
-0.824896	0.411273
-0.792141	0.441751
-0.822163	0.436614
-0.576099	0.30818
-0.298972	0.456031
-0.296583	0.35267
-0.451519	0.188801
-0.522433	0.0242777
-0.675393	0.0479347
-0.5842	0.0853801
-0.755096	-0.236663
-0.550358	-0.0236778
-0.537543	-0.0922649
-0.898349	-0.0636706
-0.721066	0.0265817
-0.490959	-0.094691
-0.465017	-0.0609827
-0.323502	-0.294417
-0.619091	-0.224664
-0.774635	-0.136311
-0.707758	-0.144445
-0.23479	-0.154703
0.0903489	0.203031
0.160604	0.0273842
-0.141708	0.0949413
-0.406181	-0.223242
-0.459344	-0.371514
-0.427944	-0.285286
-0.420919	-0.124019
-0.633167	-0.0354453
-0.583803	-0.142057
-0.598292	-0.0724758
-0.344017	-0.233106
-0.369539	-0.433885
-0.115646	-0.0487984
-0.234134	0.0330389
-0.244859	0.0494845
-0.186114	0.173879
-0.62008	0.472448
-0.679967	0.281663
-0.756803	-0.0405011
-0.574792	0.282618
-0.263242	0.232379
-0.417218	0.450102
-0.0522551	0.317833
0.151762	0.410267
0.327098	0.336692
0.497462	0.320981
0.59828	0.283382
0.285064	0.363667
0.16339	0.445974
0.0722545	0.373225
0.025321	0.209493
-0.152328	0.120103
-0.249301	0.00217461
-0.326925	-0.134771
-0.449863	-0.2518
-0.564874	-0.322961
-0.360962	-0.030064
-0.431784	-0.325678
-0.455908	-0.0840499
-0.488812	-0.195241
-0.403763	-0.358304
-0.423732	-0.330071
-0.480376	-0.209457
-0.516544	-0.0309515
-0.484505	0.0967609
-0.324675	0.0790424
-0.384854	0.0153415
-0.480949	-0.27912
-0.436975	-0.257395
-0.249674	-0.20176
-0.354885	-0.184013
-0.686196	-0.0269558
-0.654845	-0.285553
-0.568106	-0.217638
-0.624701	-0.193714
-0.746084	-0.208842
-0.665772	-0.36249
-0.390944	-0.263128
-0.313789	-0.33466
-0.446355	-0.294668
-0.39617	-0.564807
-0.163455	-0.575174
-0.344621	-0.446062
-0.256459	-0.507964
-0.223183	-0.59639
-0.20537	-0.500428
-0.12993	-0.164987
0.0650181	-0.284961
-0.153021	-0.596416
-0.268836	-0.547604
-0.238129	-0.419353
-0.443281	-0.426563
-0.689167	-0.450066
-0.740293	-0.495788
-0.728078	-0.288198
-0.811733	-0.205694
-0.559585	-0.224582
-0.600013	-0.196881
-0.740034	-0.252721
-0.814121	-0.297362
-0.703736	-0.338313
-0.705404	-0.282179
-0.779131	-0.335431
-0.338293	0.0279504
-0.743729	-0.255931
-0.676008	-0.340402
-0.828205	-0.0548412
-0.837965	-0.251642
-0.804689	-0.403274
-0.683819	-0.228155
-0.660925	-0.283138
-0.834847	-0.239335
-1.0072	-0.116594
-0.744841	-0.253319
-0.392779	0.239289
0.145945	0.281346
0.0999789	0.612551
-0.0130993	0.471319
0.11409	0.213699
-0.0569564	0.0559514
-0.178462	0.0323726
-0.0993221	0.0200429
0.0303163	-0.0516963
0.237089	-0.0944501
0.245803	-0.0781245
0.439401	0.0458104
0.40008	0.235889
0.197977	0.365753
0.18714	0.128949
-0.0411731	0.0502295
-0.170955	0.0500221
-0.255675	0.00776928
-0.168871	-0.25084
-0.147908	-0.153536
-0.142019	-0.14521
-0.240764	-0.291659
-0.164056	-0.126633
0.0672283	-0.0207024
0.126209	0.0525326
0.0680455	0.0449077
0.0922616	-0.224674
-0.0681132	-0.373593
-0.265465	-0.443411
-0.532491	-0.396959
-0.630088	-0.386103
-0.444396	-0.397346
-0.496612	-0.305502
-0.276251	-0.195617
-0.267299	0.229864
-0.15645	0.583897
-0.271692	0.379037
0.00103831	0.617204
0.0238286	0.701432
0.18986	0.567472
0.538521	0.344636
0.611695	0.319281
0.473021	0.402545
0.248089	0.400172
0.424132	0.15709
0.55277	-0.139371
0.417961	0.0968579
0.216097	0.0409588
0.397395	-0.04836
0.228628	0.148049
0.28217	0.106205
0.174046	0.257674
0.0299789	0.293181
0.140617	0.368467
0.21827	0.341701
0.118913	0.154129
-0.0278689	-0.0708318
-0.193013	-0.418508
-0.00662663	-0.498349
-0.0551609	-0.403514
-0.407661	-0.475298
-0.175325	-0.311535
-0.325233	0.211298
-0.258103	0.42606
-0.397059	0.243202
-0.643621	-0.00643791
-0.58021	0.0386877
-0.530932	-0.227365
-0.405994	-0.232985
-0.288874	0.339416
-0.521791	0.315521
-0.815322	0.379733
-0.781902	0.553078
-0.754512	0.594817
-0.800664	0.554177
-0.87316	0.394671
-0.595184	0.184972
-0.367062	0.142438
-0.200039	0.13439
-0.110398	0.287458
0.068243	0.285864
0.114193	0.380776
0.00866757	0.528111
0.110676	0.409778
0.171998	0.258809
0.286022	0.196331
0.26498	0.203947
0.322035	0.37937
0.0451238	0.532075
-0.269391	0.699058
-0.253956	0.621335
-0.239297	0.425505
-0.101227	0.334295
-0.12027	0.100116
-0.0496518	0.0610015
-0.110247	-0.00874679
-0.0552143	-0.129641
-0.0242705	-0.327773
-0.225102	-0.327718
-0.309453	-0.391692
-0.142284	-0.231118
-0.042757	-0.187736
0.321063	-0.0421054
0.461111	0.239623
0.328079	0.33031
0.410696	0.224715
0.3758	0.12789
0.360363	0.342919
0.280676	0.305645
0.260607	0.549005
0.184953	0.256729
-0.0766878	0.0263308
-0.315565	-0.119926
-0.46162	-0.337855
-0.743447	-0.332239
-0.790428	-0.277071
-0.789537	-0.00482188
-0.927917	0.239565
-0.382376	0.364977
-0.148703	0.358044
0.0235904	0.18544
-0.000838443	0.27923
0.116167	0.19179
-0.0977317	0.279797
-0.41914	0.354839
-0.679854	0.435259
-0.755315	0.250623
-0.910733	0.130314
-0.918096	-0.0253209
-0.52839	0.016639
-0.504979	0.0361699
-0.435912	-0.0435412
-0.285675	-0.349702
-0.506274	-0.438868
-0.67771	-0.134829
-0.504306	-0.163141
-0.448312	-0.259665
-0.426951	-0.352309
-0.662241	-0.351265
-0.416305	-0.279088
-0.597835	0.0893708
-0.654346	-0.157873
-0.724064	-0.083038
-0.797225	-0.307616
-0.976113	-0.181041
-0.78633	-0.216192
-0.951517	-0.29069
-0.796028	-0.243094
-0.903494	-0.0851293
-1.07558	-0.341931
-0.70388	-0.21926
-0.900497	-0.306101
-1.04012	-0.265966
-1.01198	-0.462189
-0.756186	-0.252433
-0.98804	-0.22774
-0.74009	-0.269377
-0.927128	-0.143241
-0.930012	-0.235309
-0.731192	-0.40852
-1.01882	-0.466253
-1.00977	-0.175496
-0.976795	-0.262029
-0.931332	-0.376542
-0.811161	-0.267232
-0.938949	-0.339234
-0.620607	-0.0863528
-1.11868	0.266673
-0.888185	0.196216
-0.418524	-0.230654
-0.445876	-0.195095
0.0410002	0.17438
0.201545	0.219122
0.237633	0.266679
0.199235	0.205581
0.185484	0.219
0.039398	0.186603
0.057249	0.235772
-0.0454222	0.239614
0.0139082	0.184471
-0.031076	0.267656
-0.587189	0.767734
-0.612254	0.693116
-0.669831	0.810017
-0.677703	0.887801
-0.56106	0.818995
-0.560612	0.885739
-0.483249	0.747391
-0.407836	0.706389
-0.298028	0.37184
-0.385825	0.0554407
-0.456172	-0.00843588
-0.467376	0.19949
-0.447883	0.404212
-0.739675	0.43952
-0.896823	0.366286
-0.886303	0.243428
-0.809343	0.0460057
-0.805685	-0.135406
-0.784241	-0.27032
-0.804077	-0.313745
-0.693572	-0.333364
-0.631748	-0.330995
-0.465697	-0.308497
-0.322526	-0.198588
-0.195773	-0.0361631
-0.225627	0.0992935
-0.0207773	0.125047
-0.127911	-0.0558178
-0.478714	0.0600333
-0.563418	-0.0141213
-0.506585	-0.187252
-0.73776	-0.439742
-0.765333	-0.250109
-0.764128	-0.1533
-0.821957	-0.239294
-0.284529	-0.182928
-0.43174	0.333316
-0.573701	0.190526
-0.991722	0.546929
-0.360483	0.399593
-0.694908	0.420487
-0.654845	0.29372
-0.540185	-0.0984819
-0.674304	-0.151077
-0.608627	-0.391965
-0.850063	-0.189416
-0.844467	-0.174298
-0.867244	-0.428211
-0.482084	-0.348702
-0.391976	-0.563543
-0.221962	-0.2829
-0.29268	-0.0660837
-0.107473	0.0307327
-0.23248	0.0565539
-0.279975	0.0298634
-0.390706	-0.140162
-0.46681	-0.342263
-0.436414	-0.20452
-0.496221	-0.169094
-0.637271	-0.115188
-0.816894	0.0818022
-0.564767	0.0736142
-0.370717	0.0953723
-0.579144	0.130137
-0.639282	0.341926
-0.400255	0.633957
-0.186736	0.874353
-0.157579	0.780455
-0.00544298	0.410652
-0.187083	0.436532
-0.406849	0.419726
-0.632801	0.455313
-0.541279	0.327193
-0.471391	0.198333
-0.427299	0.141568
-0.370904	0.0677036
-0.36266	0.029632
-0.526613	0.0353051
-0.552521	-0.0767186
-0.351191	-0.224165
-0.279391	-0.125329
-0.253295	0.0255989
-0.276766	0.23469
-0.0639042	0.412948
-0.147813	0.309063
-0.148864	0.284242
-0.270419	0.131651
-0.531039	-0.0313714
-0.525255	-0.307942
-0.566229	-0.293714
-0.307939	-0.458223
-0.444695	-0.241013
-0.51621	-0.329464
-0.376536	-0.337198
-0.542116	-0.191586
-0.685287	-0.216616
-0.505184	0.0147384
-0.483936	0.0990511
-0.401772	-0.0719894
-0.388365	-0.0852151
-0.374718	-0.160971
-0.507692	-0.0329966
-0.365825	0.0168699
-0.4291	0.176119
-0.0488221	0.494749
0.350779	0.149425
0.280327	0.0514298
0.342686	-0.0215757
0.19679	0.155404
-0.267457	0.14047
-0.476079	-0.0680321
-0.56055	-0.013854
-0.505126	-0.291092
-0.668424	-0.096759
-0.753633	-0.146495
-0.805368	-0.211573
-0.956836	-0.232345
-0.977597	-0.229014
-0.945509	-0.187488
-0.888787	-0.0423635
-0.544588	-0.0191491
-0.124505	-0.10687
-0.193346	-0.219218
-0.357488	-0.378639
-0.587146	-0.492676
-0.516993	-0.50248
-0.531028	-0.564411
-0.419627	-0.647652
-0.554561	-0.520649
-0.683912	-0.415567
-0.734503	-0.327772
-0.473585	-0.17973
-0.0311264	0.216447
0.154936	0.29123
0.27129	0.299698
0.00766967	0.274833
-0.398145	0.370011
-0.449804	0.521481
-0.358481	0.688252
-0.378419	0.810002
-0.0788343	0.96155
-0.0231399	0.812108
0.318548	0.944271
0.279574	0.905458
-0.0771845	0.914025
-0.079242	0.991051
0.061713	0.783407
-0.201843	0.27318
-0.308698	-0.0458341
-0.47841	-0.156064
-0.492053	-0.253964
-0.864701	-0.0576273
-0.788202	-0.106396
-0.993055	-0.202283
-0.735084	-0.15655
-0.948586	-0.275638
-0.708831	-0.288754
-0.810463	-0.427547
-0.950532	-0.282731
-0.762687	-0.319231
-0.783663	-0.153218
-0.651276	-0.196052
-0.407941	-0.177869
-0.337551	-0.0051925
-0.624456	0.0397994
-0.62857	-0.196605
-0.685312	0.0332496
-0.766733	-0.113261
-0.822734	-0.360579
-0.795807	-0.211907
-0.845025	-0.249368
-0.947609	-0.268467
-0.790777	-0.302881
-0.741189	-0.336431
-0.872715	-0.337732
-0.928408	-0.492189
-0.868248	-0.44463
-0.72947	-0.337623
-0.55891	0.00995585
-0.790847	-0.192669
-0.816289	-0.404106
-0.674936	-0.286701
-0.795751	-0.329105
-0.846991	-0.230554
-0.7671	-0.275667
-0.862076	-0.273674
-0.56739	0.0403871
-0.189313	0.237811
-0.194101	0.215723
-0.674795	0.0682999
-1.07652	-0.253672
-1.03374	0.0490378
-1.09473	-0.0798382
-1.26043	-0.175673
-1.15278	-0.0212476
-1.0701	0.0740922
-1.02689	0.141401
-0.888402	0.173758
-0.413912	0.0858471
-0.517925	0.198346
-0.477537	-0.00716864
-0.871132	0.036654
-0.851625	-0.186117
-1.10926	-0.241931
-1.00991	-0.198255
-0.522925	0.730882
-0.54504	0.606832
-0.295604	0.549229
-0.264039	0.516803
-0.245513	0.460151
-0.193214	0.27159
-0.110948	0.0655634
0.18015	0.0340331
0.072097	0.251173
-0.167274	0.28621
-0.306065	0.423789
-0.596536	0.208897
-0.684621	0.0831845
-0.75063	-0.00423599
-0.209371	0.289136
-0.46836	0.121985
-0.281655	0.0893112
-0.285905	0.092862
-0.270492	0.128363
-0.130465	0.131271
-0.058059	0.18296
-0.121225	0.351564
0.256264	0.402971
0.38049	0.254997
0.348304	0.237501
0.148191	0.0949634
0.0477934	0.0767365
-0.453122	0.0508295
-0.266667	0.125867
-0.311412	0.475602
-0.189441	0.460487
0.0624644	0.496896
0.127903	0.245133
0.269968	0.127193
0.200256	0.242146
0.290197	0.66749
0.311823	0.445841
0.209624	0.434514
0.0416936	0.521325
-0.159396	0.571391
-0.126447	0.649879
-0.012041	0.573111
-0.0241199	0.44755
0.0150549	0.492208
-0.0102969	0.504289
0.145389	0.577163
0.262031	0.514477
0.0965332	0.469575
-0.0652926	0.373317
-0.177521	-0.0258955
-0.12867	-0.183009
-0.0573254	-0.305666
-0.229543	-0.165234
-0.188426	-0.334098
-0.403752	-0.173308
-0.492536	-0.107824
-0.677354	0.149156
-0.390528	0.276242
-0.335615	0.755368
-0.419001	0.898779
-0.156228	0.73256
-0.234889	0.812866
-0.313828	0.925662
-0.362078	0.923912
-0.35675	1.02678
-0.426931	0.941631
-0.532888	0.980312
-0.491799	0.939564
-0.567397	0.848491
-0.602976	0.734745
-0.647713	0.561242
-0.697096	0.477055
-0.666553	0.376917
-0.689747	0.292162
-0.673837	0.210535
-0.670795	0.136038
-0.645816	0.0811566
-0.569959	0.0021181
-0.487932	-0.0271113
-0.646442	0.40575
-0.870139	0.715564
-0.740676	0.627173
-0.564362	0.494345
-0.723506	0.541991
-0.667745	0.478757
-0.638003	0.40812
-0.768712	0.536895
-0.807873	0.515791
-0.677086	0.385746
-0.709689	0.388179
-0.808732	0.519853
-0.664229	0.371602
-0.571728	0.17822
-0.553738	0.125357
-0.363141	0.0177992
-0.272574	0.0847916
-0.0546888	0.109897
0.0853956	0.237971
0.341663	0.294515
0.260051	0.199388
0.29023	0.0905901
0.260079	0.0230177
0.183667	-0.0902946
0.00213729	0.161553
0.162988	0.103057
-0.23608	0.231445
-0.422004	0.265989
-0.566535	0.407612
-0.620355	0.472651
-0.674155	0.472406
-0.629154	0.370192
-0.384174	0.0934324
0.240218	0.400585
0.130885	0.54954
-0.123245	0.27746
-0.34632	0.1051
-0.324378	0.0956696
-0.115304	0.122118
-0.0307162	0.0828964
0.133948	0.00825136
0.0573869	0.0229025
-0.0112446	0.178292
-0.0041762	0.188585
-0.0092495	0.133493
0.0180312	0.0979102
0.0241966	0.0748111
-0.0174515	0.107206
-0.0654228	0.0014773
-0.141009	-0.0202165
-0.214475	-0.0874654
-0.310382	-0.0611875
-0.35992	-0.00600595
-0.418062	0.0609598
-0.446543	0.0683968
-0.48173	0.0448212
-0.434614	0.110117
-0.412334	0.0699605
-0.204125	-0.0130503
-0.03834	0.0983079
-0.101621	0.366477
0.127947	0.316979
-0.0810829	0.256608
0.0459315	0.0885343
0.206823	-0.288248
-0.219412	-0.181348
-0.40864	-0.090951
-0.446072	-0.36204
-0.601939	-0.161537
-0.529293	-0.410036
-0.432458	0.090995
0.146609	0.135366
0.1208	0.13407
-0.093779	-0.0415104
-0.12715	-0.0209417
0.0496873	-0.00803318
-0.0256517	0.0742549
0.0564749	0.00829727
0.00886567	0.0870939
0.0353759	0.139202
0.120939	0.128065
-0.0548908	-0.00061632
0.0231132	0.126862
-0.213193	0.0988068
-0.306893	0.004048
-0.446753	-0.0575018
-0.679469	-0.291002
-0.607596	-0.176493
-0.662232	-0.233544
-0.463311	-0.305224
-0.168758	0.475835
-0.121121	0.463132
-0.0746119	0.559869
-0.206983	0.577311
-0.122338	0.453321
-0.269785	0.58193
-0.287716	0.504353
-0.332534	0.556179
-0.160175	0.553782
-0.12432	0.419704
0.0880872	0.394759
0.0583577	0.596096
-0.309998	0.490362
-0.0865513	0.195795
-0.0402522	-0.147644
-0.188227	-0.30952
-0.389606	-0.0259336
-0.4061	0.0170861
-0.543023	-0.148428
-0.634352	-0.317867
-0.582015	-0.217619
-0.521072	-0.397998
-0.482916	-0.108895
-0.651717	-0.143322
-0.512551	0.207774
-0.301529	0.330875
-0.28768	0.138315
-0.269152	0.122191
-0.294732	0.620127
0.0043365	0.615557
0.323273	0.456407
-0.523596	0.4309
-0.484344	0.451569
-0.485846	0.451533
-0.139421	0.386532
-0.129725	0.307972
0.0494389	0.136304
0.161059	-0.0482375
-0.0182963	-0.0326287
-0.170337	-0.40466
-0.133122	-0.217233
-0.121807	-0.261659
-0.132942	-0.423192
-0.225642	-0.393278
-0.313304	-0.39317
-0.56749	-0.260257
-0.647699	-0.371556
-0.723498	-0.180502
-0.489734	-0.131729
-0.716603	-0.0719784
-0.634752	-0.402257
-0.648819	-0.151006
-0.844225	-0.335905
-0.508982	-0.340587
-0.642884	-0.512947
-0.66724	-0.113197
-0.253522	0.100766
-0.432805	-0.0328721
-0.794104	-0.00702389
-0.578069	-0.00630811
-0.231029	0.265489
-0.688814	0.455949
-0.626239	0.492906
-0.279593	0.49516
-0.264639	0.511343
-0.00680236	0.41259
-0.0221858	0.356747
0.203749	0.311581
0.0852846	0.302837
0.255446	0.339582
-0.121881	0.25858
-0.24331	0.27976
-0.177603	0.274965
-0.39279	-0.0762775
-0.121397	-0.0997812
0.0508075	-0.234467
-0.0588143	-0.337491
-0.215772	-0.318021
-0.152629	-0.0469897
-0.169467	-0.206873
-0.222988	-0.153357
-0.221365	-0.188656
-0.229698	0.114775
-0.312841	0.024062
-0.318085	-0.0294594
-0.513616	-0.0743662
-0.408182	-0.416889
-0.847163	0.0743738
-0.767473	-0.416621
-0.726496	-0.279014
-0.697838	-0.441455
-0.874005	-0.331413
-0.791429	-0.262687
-0.784989	-0.332338
-0.668224	-0.222051
-0.846342	-0.226696
-0.887256	-0.241632
-0.945107	-0.148097
-0.956225	-0.313888
-0.706303	-0.00651862
-0.835669	-0.258536
-0.772118	-0.171592
-0.657418	-0.256572
-0.953169	-0.161603
-0.665244	-0.176721
-0.77264	-0.148986
-0.892866	-0.233569
-0.698308	-0.189557
-0.744634	-0.275153
-0.621535	-0.0988028
-0.224067	-0.0495291
0.0497967	0.483411
-0.170883	0.411217
0.336836	0.617488
0.397939	0.647922
0.297728	0.803703
0.233113	0.907686
0.15504	0.945711
0.0573714	0.96556
-0.00344799	0.905372
-0.208821	0.857776
-0.412782	0.662276
-0.744518	0.523141
-0.819743	0.286333
-0.864305	0.124331
-0.531999	-0.253475
-0.34837	-0.268285
-0.253226	-0.106522
-0.520941	0.363426
-0.427574	0.417755
-0.334845	0.286844
-0.422317	0.31659
-0.111934	0.096167
0.254408	-0.12889
-0.221612	-0.185545
0.0742924	-0.323689
0.173167	-0.341033
0.281329	-0.305184
0.36614	-0.269482
0.4043	-0.234152
0.416465	-0.212431
0.392187	-0.126766
0.232346	0.233078
0.00681614	0.245765
-0.0598738	0.0343657
-0.224636	0.105427
-0.164642	-0.113367
-0.503253	-0.0875284
-0.80991	-0.208429
-0.637562	-0.144176
-0.433333	0.0679585
0.126178	0.11377
0.287941	-0.0158714
0.412134	-0.0773537
0.404047	-0.0542972
0.396928	0.0381508
0.470401	0.0640016
0.153482	0.337268
0.13192	0.231199
-0.292832	0.254432
-0.433744	0.309701
-0.268862	0.0440459
-0.372647	-0.0503873
-0.745987	-0.172599
-0.622149	-0.0286139
-0.21274	0.00518815
-0.223391	-0.149981
-0.304719	-0.143719
-0.340019	-0.139648
-0.327874	-0.154744
-0.320349	-0.158425
-0.332105	-0.0811864
-0.661787	0.326877
-0.652617	0.372403
-0.75868	0.472136
-0.789771	0.499478
-0.635523	0.371376
-0.668079	0.445406
-0.483952	0.388636
-0.506521	0.349084
-0.625305	0.457558
-0.620187	0.521827
-0.627504	0.559038
-0.745643	0.62581
-0.82539	0.60202
-0.591093	0.53782
-0.726214	0.612951
-0.680667	0.643227
-0.635994	0.629549
-0.554207	0.584156
-0.3942	0.589447
-0.348753	0.362449
0.0549209	0.279045
0.267037	0.0993335
0.271026	0.0910136
0.321156	0.0747096
0.333819	0.0798738
0.339346	0.105876
0.382341	0.141872
0.321	0.178554
0.349085	0.216241
0.321747	0.377386
0.267853	0.535868
0.0821352	0.570259
0.14654	0.242631
0.0176757	0.346641
-0.120734	0.0873342
-0.0454796	0.104836
0.045475	0.092082
-0.0479689	0.227364
-0.224561	0.302538
-0.535236	0.364115
-0.649884	0.288405
-0.847511	0.342866
-0.76825	0.479837
-0.651041	0.622005
-0.537774	0.657054
-0.485487	0.577064
-0.290602	0.313754
-0.191959	0.0429771
-0.209992	-0.0916202
-0.203474	-0.0848732
-0.155501	-0.111936
-0.248489	0.00386287
0.00226574	-0.0139965
-0.111555	-0.00454473
-0.00820929	-0.0548755
-0.0272997	-0.123827
-0.131889	-0.186223
-0.0902033	-0.250469
-0.269223	-0.255932
-0.0224873	-0.155518
-0.305304	-0.124855
-0.113218	0.0454765
-0.298199	0.102438
-0.247821	0.0355345
-0.380302	0.0937025
-0.528438	-0.0168003
-0.622495	-0.116678
-0.663272	-0.205372
-0.668327	-0.201474
-0.659157	-0.219446
-0.744275	-0.24118
-0.799714	-0.179877
-0.721565	-0.16221
-0.717237	0.240515
-0.582104	0.447641
-0.370513	0.453535
-0.459695	0.594184
-0.307312	0.59714
0.000402749	0.350472
0.212866	0.487308
-0.0179461	0.590163
-0.1534	0.354449
-0.0501112	0.242888
-0.140935	-0.0367299
-0.364393	-0.276301
-0.543606	-0.418293
-0.399824	-0.33148
-0.330041	-0.141352
-0.45787	-0.234941
-0.507124	-0.111337
-0.421955	-0.173492
-0.611631	-0.0316722
-0.572324	-0.0265765
-0.294555	0.347164
0.189183	0.514396
-0.542714	0.615762
-0.444586	0.582376
-0.369534	0.369441
-0.388097	0.282694
-0.592912	0.179621
-0.192967	0.0471459
-0.579322	0.0762944
-0.11183	0.412572
-0.0613779	0.347054
-0.209437	0.0258225
-0.356816	-0.135484
-0.292441	-0.234249
-0.25725	-0.264358
-0.282973	-0.537423
-0.506772	-0.630259
-0.77492	-0.647389
-0.685248	-0.576479
-0.683336	-0.281657
-0.57277	-0.296467
-0.537796	-0.0762101
-0.58352	-0.106914
-0.525414	-0.234245
-0.403733	-0.352148
-0.734475	-0.264967
-0.794571	0.115408
-0.524124	-0.0845967
0.367736	-0.338197
0.0190753	-0.275216
-0.221486	-0.327837
-0.466101	-0.436848
-0.572539	-0.477368
-0.497994	-0.660517
-0.339424	-0.638541
-0.156118	-0.523008
-0.17472	-0.0693659
-0.432552	0.0945281
-0.443891	0.353233
-0.34075	0.208693
-0.364675	0.0248731
-0.299659	-0.219712
-0.341112	-0.292052
-0.419097	-0.269618
-0.561913	-0.0869609
-0.544531	-0.200908
-0.310272	-0.411611
-0.140022	-0.248207
-0.539366	0.00555805
-0.316829	-0.113911
-0.284356	0.25959
-0.137737	0.707537
-0.331008	0.748881
-0.228042	0.819167
-0.102226	0.852398
-0.128734	0.948057
-0.339535	0.735223
-0.384303	0.130477
-0.481716	-0.097073
-0.654056	0.0117532
-0.654205	-0.296198
-0.593508	-0.300106
-0.669114	-0.288679
-0.808342	-0.105626
-0.677406	-0.21179
-0.278736	-0.530127
-0.206788	-0.506955
-0.522189	-0.38737
-0.0705679	-0.306325
-0.313471	-0.0777235
-0.15594	-0.058922
0.0820469	0.288753
0.360799	0.337137
0.174047	0.542605
0.271831	0.534404
0.345575	0.493973
0.217999	0.469477
0.0227964	0.512275
0.156254	0.473284
0.131755	0.568328
0.133869	0.614363
0.0604152	0.437358
-0.29389	0.277232
-0.567708	-0.0422282
-0.743797	-0.279895
-0.353694	0.493061
-0.703902	0.350689
-1.02837	0.331511
-0.88207	0.268956
-0.763123	0.382314
-0.634151	0.309036
-0.590008	0.367621
-0.136409	0.376244
-0.188314	0.244122
0.0905454	0.119833
-0.31441	0.174676
-0.651023	0.381018
-0.493835	0.261485
-0.328457	0.160886
0.0145478	-0.0304971
0.367925	0.0243819
0.381189	0.213194
0.356435	0.297048
0.376122	0.509895
0.301293	0.285418
0.374885	0.308862
0.25573	0.0977997
0.389989	-0.0237896
0.232874	0.354255
0.0636642	0.508287
-0.299261	0.478268
-0.219974	0.0330845
-0.251881	0.128973
-0.0312718	0.423376
-0.108982	0.461033
-0.239243	0.156757
-0.301403	0.203058
-0.440684	-0.0115593
-0.514721	-0.0918281
-0.694495	-0.224658
-0.670546	-0.191787
-0.734979	-0.235706
-0.777447	-0.268436
-0.833815	-0.203599
-0.85225	-0.312052
-0.897304	-0.438377
-1.0231	-0.477607
-0.880597	-0.406454
-0.94495	-0.322241
-0.807135	-0.0163933
-0.745804	-0.285244
-0.822473	-0.134959
-0.810649	-0.311458
-0.988759	-0.204173
-0.813737	-0.251721
-0.487927	-0.288318
-0.677544	-0.48576
-0.579837	-0.352736
-0.347853	-0.161952
-0.348678	-0.309508
-0.45199	-0.502845
-0.379575	-0.424954
-0.421623	-0.563481
-0.985649	-0.326803
-0.571605	-0.5733
-0.440557	-0.514136
-0.379536	-0.405113
-0.221852	-0.337799
-0.188417	-0.28339
-0.160637	-0.262303
-0.213707	-0.285828
-0.31521	-0.331153
-0.387872	-0.30742
-0.478339	-0.389793
-0.471886	-0.441026
-0.535261	-0.440086
-0.618546	-0.474964
-0.688035	-0.419115
-0.797818	-0.268472
-0.765756	-0.221433
-0.639136	-0.245039
-0.766446	0.177334
-0.220165	0.568522
-0.142655	0.489003
-0.0333206	0.604022
0.00536288	0.407753
-0.107541	0.164299
-0.0347736	0.0611707
-0.248446	-0.244213
0.284439	-0.423933
0.340682	-0.317535
0.157325	-0.269656
-0.197405	-0.252686
-0.339315	-0.0919126
0.140616	0.333313
0.295152	0.520739
0.170784	0.208958
0.419885	0.013205
0.467096	-0.0342066
0.488853	0.0706401
0.399751	0.159809
0.523668	0.130558
0.66407	0.0103464
0.648993	-0.0244647
0.884645	-0.281108
0.732662	-0.166551
0.675361	-0.231908
0.580206	-0.0147182
0.445075	0.0285799
0.201782	0.0199593
0.250195	0.159314
0.114754	0.0311085
-0.239152	0.239934
-0.251376	0.285747
-0.474743	0.21413
-0.374658	0.0632663
-0.601128	0.0853298
-0.867438	0.326774
-0.907485	0.472046
-0.791651	0.409419
-0.878404	0.556221
-0.805186	0.61716
-0.697811	0.679996
-0.657369	0.744025
-0.624499	0.765418
-0.51807	0.775846
-0.464779	0.781744
-0.396842	0.801226
-0.418136	0.829765
-0.492624	0.7499
-0.580391	0.714976
-0.680708	0.602365
-0.769452	0.321079
-0.67598	0.197738
-0.468983	-0.0903322
-0.281704	-0.0933549
-0.268782	-0.0708027
-0.0116418	-0.0554294
0.0986516	-0.0307821
0.047744	0.082421
0.403616	0.0689266
0.390935	0.24134
0.166793	0.264612
0.55517	0.367291
0.684183	0.399435
0.650239	0.558251
0.582389	0.524437
0.185098	0.316566
-0.0313473	0.410986
-0.150585	0.114352
-0.27975	0.104511
-0.218668	0.0314406
-0.227157	-0.142499
-0.352093	-0.340703
-0.424866	-0.262465
-0.32664	-0.424503
-0.296906	-0.303467
-0.182477	-0.289222
-0.294383	-0.409313
-0.401992	-0.301578
-0.500015	-0.353056
-0.545166	-0.0616684
-0.412232	-0.218709
-0.311961	-0.387575
-0.55617	-0.469678
-0.69655	-0.31344
-0.647837	-0.285228
-0.611923	-0.222948
-0.602595	-0.0250128
-0.627951	0.290598
-0.54717	0.598986
-0.259516	0.566421
0.043757	0.535843
0.119632	0.601352
-0.0517398	0.650616
-0.120833	0.489236
-0.408932	0.305291
-0.293621	0.0492181
-0.437739	-0.0499509
-0.675892	-0.10967
-0.181735	-0.222773
0.221965	-0.237957
-0.220592	-0.182348
-0.585952	-0.351492
-0.372635	-0.446014
-0.41793	-0.267357
0.146725	0.34248
0.181927	0.479329
0.0991352	0.571847
-0.313742	0.354666
-0.541933	0.3791
-0.633994	0.510785
-0.583742	0.424316
-0.993241	0.794296
-0.892972	0.7586
-0.661686	0.611772
-0.439565	0.294689
-0.401682	-0.0374526
-0.758319	0.0164844
-0.776507	0.0137037
-0.816048	0.0666497
-0.728057	-0.0627217
-0.863416	0.0176595
-0.458986	0.176998
-0.395138	0.37973
-0.615039	0.143541
-0.450098	0.347997
-0.580969	0.465716
-0.558425	0.311194
-0.630392	0.533653
-0.582246	0.290126
-0.568712	0.35892
-0.555819	0.300014
-0.651418	0.143022
-0.490945	0.102682
-0.836917	-0.094415
-0.729912	-0.138467
-0.700475	-0.108991
-0.707796	-0.208832
-0.628623	-0.341676
-0.964165	-0.230109
-0.604894	-0.215521
-0.751033	-0.267181
-0.744703	-0.397063
-0.714884	-0.142652
-0.92131	-0.227794
-0.633257	-0.26526
-0.692634	-0.294177
-0.703453	-0.31308
-0.675176	-0.107891
-0.970142	-0.364835
-1.0618	-0.127606
-0.772096	-0.135732
-0.606677	-0.312
-0.817393	-0.265974
-0.755456	-0.170251
-0.529831	0.0751385
0.0659624	0.395983
-0.337329	0.425204
0.0474217	0.296519
-0.160787	0.209058
-0.292087	0.0731143
-0.266158	0.0836625
-0.556132	0.136351
-0.440141	-0.110863
-0.260248	-0.176795
-0.162265	-0.27168
-0.22749	-0.100929
-0.0974323	-0.227885
-0.155166	-0.122365
-0.139709	-0.105298
-0.0221948	-0.0812093
-0.124648	-0.033731
-0.209891	0.0260454
-0.234032	0.204281
-0.453879	0.581712
-0.281575	0.593798
-0.275709	0.615334
-0.234299	0.438235
-0.322933	0.34898
-0.0406023	0.147291
-0.0393645	0.162497
-0.175938	0.141301
-0.413188	0.207029
-0.766998	0.138518
-0.929229	0.0685071
-0.830208	-0.282907
-0.940519	-0.207206
-0.647704	-0.0890566
-0.283992	0.0954214
-0.00566217	0.10035
0.0766324	0.101491
0.277164	-0.00337715
0.307677	0.0927027
0.265812	0.124803
-0.038848	0.307381
-0.0579616	0.41071
-0.306866	0.263791
-0.547777	0.00281762
-0.310861	-0.146599
-0.50495	-0.278791
-0.531751	-0.153498
-0.495242	-0.268522
-0.307189	-0.338854
-0.123149	-0.418892
-0.260062	-0.471624
-0.250839	-0.32176
-0.424961	-0.263104
-0.524047	0.0966021
-0.571067	-0.0241194
-0.598339	0.357373
-0.464226	0.456249
-0.455809	0.289102
-0.316437	0.0906755
-0.250763	0.0140442
-0.194751	-0.0368671
-0.16977	-0.146293
-0.200294	-0.190575
-0.203314	-0.290607
-0.219127	-0.286715
-0.189834	-0.332175
-0.200561	-0.317832
-0.112077	-0.322796
-0.0358298	-0.374556
-0.0948098	-0.299918
-0.0487584	-0.27057
-0.19074	-0.265238
-0.0147333	-0.374698
0.106133	-0.467268
0.0881221	-0.494481
0.205061	-0.604878
0.220255	-0.59191
0.1479	-0.59997
0.019618	-0.521542
0.0343951	-0.545676
0.0265362	-0.506191
0.15542	-0.348098
0.227759	-0.0770457
-0.0990631	0.190649
-0.167858	0.191266
0.139843	0.17412
0.23856	-0.0529995
0.248052	-0.0512171
0.0501867	0.121373
0.300574	-0.16093
0.0601662	-0.356717
0.0721382	-0.556257
0.0598702	-0.347838
-0.0843755	-0.397063
-0.4066	-0.252995
-0.420881	-0.371781
-0.515624	-0.456799
-0.572471	-0.50907
-0.494772	-0.153052
-0.614265	-0.0901718
-0.559976	0.00504213
0.0596493	0.253102
0.0454837	0.234327
0.0445719	0.118733
0.107848	-0.0605091
-0.0578439	0.0601987
-0.246443	0.220015
-0.488699	0.625957
-0.56927	0.664941
-0.537583	0.693673
-0.562466	0.698142
-0.447156	0.616113
-0.51079	0.659582
-0.459206	0.701374
-0.437029	0.742053
-0.528964	0.892081
-0.526863	0.918389
-0.501416	1.03809
-0.268201	0.984827
-0.373632	0.835894
-0.393972	0.698646
-0.33129	0.326376
-0.560212	0.162389
-0.670025	0.189062
-0.7507	0.181639
-0.75886	0.229255
-0.879038	0.322225
-0.794054	0.277598
-0.81475	0.351928
-0.965107	0.460664
-0.912504	0.710622
-0.238019	0.488792
0.00248306	0.385411
-0.301104	0.193515
-0.277666	0.242674
-0.320915	0.146011
-0.310009	0.100039
-0.275861	-0.332825
0.229037	-0.393328
-0.173514	-0.11942
-0.552268	0.327653
-0.668563	0.0751778
-0.355577	0.274949
-0.427828	0.138672
-0.15455	0.248608
-0.356404	0.197283
-0.0457088	-0.119534
-0.00141661	-0.216912
-0.290192	-0.206271
-0.519852	-0.0732201
-0.506906	-0.00581611
-0.428528	0.0309169
-0.227039	0.154439
0.16276	0.225324
0.0211721	0.0781875
-0.229725	-0.0904624
-0.759786	-0.10186
-0.948017	-0.237824
-0.738225	-0.0226059
-0.304529	0.161888
-0.34466	0.142998
-0.470919	0.0864416
-0.731536	0.124524
-0.686366	0.0955477
-0.47307	0.0600833
-0.353401	0.0631051
-0.33665	0.596767
-0.417782	0.672036
-0.535681	0.629169
-0.49465	0.689847
-0.532738	0.683971
-0.510762	0.627361
-0.283407	0.613876
0.0756329	0.753489
0.288501	0.896529
0.347883	0.915259
0.34399	0.967421
0.277952	0.994671
0.140051	0.860418
-0.0789243	0.571976
-0.155381	0.300473
-0.232373	0.263676
-0.279189	0.234512
-0.382045	0.251456
-0.386751	0.241995
-0.487925	0.207323
-0.830592	0.453731
-0.757312	0.6806
-0.661518	0.584913
-0.788355	0.626644
-0.868076	0.64005
-0.792222	0.57342
-0.772067	0.201299
-0.674708	-0.0838864
-0.540217	-0.323838
-0.648227	-0.302716
-0.632914	-0.304497
-0.666921	-0.290607
-0.573625	-0.324357
-0.532039	-0.227965
-0.658983	0.0981739
-0.639245	0.23958
-0.588759	0.200214
-0.398798	0.234228
-0.0446407	0.114825
0.150652	0.328468
0.0742919	0.453388
-0.00922836	0.460768
-0.16975	0.138901
-0.266809	-0.0732951
-0.289623	-0.0957198
-0.449433	-0.158128
-0.645993	0.134222
-0.972208	-0.139096
-0.817845	-0.117814
-0.733936	0.286707
-1.17086	0.296346
-0.66774	0.51914
-0.484066	0.280942
-0.136457	0.162025
-0.0264834	0.260404
0.0254375	0.325666
0.0719128	0.283369
0.109352	0.184017
0.0553649	0.137248
0.0212176	0.266518
-0.127628	0.112609
-0.27729	0.233117
-0.410009	0.0137398
-0.198148	4.31732e-05
-0.413737	-0.0131405
-0.670913	-0.0464696
-0.727389	-0.144557
-0.89112	-0.170694
-0.644315	-0.0323391
-0.566577	0.149418
-0.0623671	-0.0254515
-0.010349	-0.556419
0.122356	-0.58711
0.0399117	-0.568088
-0.12316	-0.588271
-0.437163	-0.359639
-0.393116	-0.341902
-0.232635	-0.352848
0.183525	-0.245571
0.198242	0.022763
0.0956118	0.0553763
0.132178	-7.0099e-05
-0.0373163	-0.226958
-0.0644704	-0.410928
-0.143453	-0.349348
-0.0796239	-0.545121
-0.0479723	-0.510951
-0.308294	-0.399752
-0.0814462	-0.24777
-0.118702	-0.497519
-0.18793	-0.178749
-0.465406	-0.131362
-0.56548	-0.0121239
-0.0474742	0.184518
-0.082977	0.0249345
0.0464299	-0.418305
-0.298513	-0.345362
-0.419513	-0.164971
-0.416855	-0.0428588
-0.0592824	0.0144438
0.309418	-0.0136193
0.4376	0.175635
0.557378	0.373456
0.439123	0.332253
-0.0482353	0.200035
-0.415941	0.0411722
-0.488293	-0.115227
-0.461742	0.0852823
-0.662813	0.108716
-0.598643	-0.0640666
-0.197288	0.0468379
0.000107393	0.494753
0.513389	0.438561
0.320747	0.54583
0.0522684	0.589477
0.0759209	0.512545
-0.217861	0.656411
-0.159282	0.538109
-0.0699938	0.472371
-0.158051	0.527904
-0.174571	0.433944
-0.107059	0.430439
-0.120361	0.430649
-0.0687118	0.607355
-0.020121	0.529033
0.276375	0.116194
0.368472	-0.304436
0.152919	-0.10116
0.0097174	-0.0145044
-0.213041	0.133835
-0.249417	0.315362
-0.321673	0.363147
-0.679283	0.386284
-0.860841	0.422069
-0.850617	0.305116
-0.817547	0.23201
-0.795233	0.204281
-0.801615	0.188451
-0.780515	0.15837
-0.724066	0.174243
-0.177816	0.511029
-0.265265	0.513757
-0.345675	0.344562
-0.160224	0.408507
-0.210547	0.280674
-0.359446	0.32539
-0.407352	0.394103
-0.380426	0.171727
-0.36056	0.535426
-0.265113	0.406808
-0.291769	0.348765
-0.345569	0.203093
-0.497233	0.123592
-0.392126	-0.0871153
-0.381994	-0.114385
-0.347474	-0.194169
-0.256718	-0.400087
-0.419778	-0.135313
-0.0582262	-0.224861
-0.269079	-0.35196
-0.43394	-0.162223
-0.353793	-0.208507
-0.45877	-0.263196
-0.667001	-0.0570298
-0.771641	-0.237632
-0.773035	-0.202592
-0.75754	-0.322433
-0.854863	-0.143927
-0.843579	-0.100709
-0.654772	-0.137289
-0.667534	-0.140958
-0.616699	-0.243874
-0.748096	-0.146417
-0.320695	-0.146243
-0.233955	-0.152922
0.156615	0.168571
0.313727	-0.0357222
0.332968	-0.170964
0.362844	-0.134898
0.29783	-0.280232
0.104504	-0.0862376
-0.230659	0.360959
-0.378792	0.380047
-0.396784	0.262508
-0.512627	0.394329
-0.447485	0.247855
-0.418066	-0.0545745
-0.400523	-0.468514
-0.607878	-0.473185
-0.489784	-0.545883
-0.67464	-0.44105
-0.837044	-0.344152
-0.620252	-0.468351
-0.411344	-0.518854
-0.251609	-0.53089
-0.224597	-0.486804
-0.240219	-0.364909
-0.122165	-0.32333
-0.101494	-0.157376
0.0497389	-0.0614247
-0.0476708	0.108959
-0.0468301	0.184643
-0.351813	0.395907
-0.544045	0.271051
-0.619683	0.328285
-0.617605	0.210359
-0.331621	0.309516
-0.32915	0.0193867
-0.27473	0.0161129
-0.244016	-0.011801
-0.191642	0.210397
0.130526	0.0495596
0.209717	-0.155716
-0.0370254	-0.317721
-0.261703	-0.15443
-0.381073	-0.0657777
-0.472151	-0.00525913
-0.363603	-0.10619
-0.406497	-0.115248
-0.405275	-0.136566
-0.446826	-0.0832204
-0.523306	0.166853
-0.551946	0.520309
-0.463856	0.790654
-0.114812	0.313565
-0.238234	0.346063
-0.360523	0.425257
-0.285697	0.41939
-0.00642912	0.443176
0.0837455	0.398188
0.19391	0.347257
-0.0170545	0.508081
-0.304162	0.104193
-0.0302241	0.0615132
-0.214519	0.133775
-0.339271	-0.105511
-0.429404	-0.21182
-0.226228	-0.279527
-0.293308	-0.136941
-0.486475	0.263103
-0.580136	0.293061
-0.593426	0.265989
-0.66778	-0.0982801
-0.702022	-0.149051
-0.660291	-0.180648
-0.989862	-0.194378
-0.891559	0.187323
-0.46159	0.49847
-0.294779	0.485757
-0.56423	0.718993
-0.579388	0.645473
-0.668897	0.676139
-0.627561	0.469662
-0.200154	0.515261
-0.500294	0.177933
-0.709142	0.0698835
-0.773081	0.0599257
-0.841283	-0.116684
-0.718092	-0.22659
-0.724405	-0.266786
-0.725141	-0.254307
-0.66789	-0.210208
-0.659997	-0.0495103
-0.679577	-0.00967907
-0.403294	-0.190688
-0.0154323	-0.174588
0.0643656	0.0737503
-0.0593212	0.41346
-0.231331	0.549048
-0.188565	0.139691
-0.403838	0.178521
-0.556039	0.00401471
-0.45795	0.0184149
-0.607964	-0.23871
-0.565918	-0.323808
-0.51082	-0.216722
-0.405411	-0.135024
-0.318487	-0.19098
-0.403763	-0.164755
-0.670576	-0.0465372
-0.607255	-0.0524325
-0.384821	0.09196
-0.136064	0.151629
0.0292528	0.154344
0.0624887	0.200132
-0.204973	0.0784234
-0.40715	0.00878459
-0.417208	-0.228959
-0.710055	0.0179
-0.715002	-0.0385009
-0.90827	-0.0660572
-0.745573	-0.120528
-0.61991	-0.0263893
-0.672268	-0.0198401
-0.660445	-0.123787
-0.566125	-0.184752
-0.406966	-0.237513
-0.549107	-0.0478677
-0.822894	0.406156
-0.907293	0.403551
-0.846369	0.338444
-0.90926	0.380986
-0.691521	0.107924
-0.503668	-0.125227
-0.320617	-0.346432
-0.501345	-0.371423
-0.61725	-0.406127
-0.732464	-0.365988
-0.796933	-0.306402
-0.858233	-0.207942
-0.913484	-0.0864713
-0.741359	-0.0772517
-0.425784	0.117742
-0.128028	-0.00172783
-0.2979	-0.0651181
-0.361671	-0.34546
-0.682682	-0.365954
-0.884029	-0.211154
-0.911093	-0.0218825
-0.483023	0.294052
-0.335421	0.563496
-0.0666792	0.528378
-0.263636	0.746278
-0.197062	0.841074
-0.228216	0.87333
-0.293565	0.855007
-0.0408203	0.580837
-0.0867094	0.551156
0.0208982	0.615462
0.102178	0.346215
-0.146806	0.293677
-0.0752882	0.492821
-0.0333839	0.383866
-0.026012	0.417242
-0.0726049	0.477391
-0.194907	0.516134
-0.520096	0.349807
-0.776269	0.137429
-0.535147	0.0759566
-0.614879	-0.0251707
-0.79102	-0.0313392
-0.575401	-0.221719
-0.451394	-0.304708
-0.352038	-0.39713
-0.0810739	-0.377909
0.0661007	-0.238113
-0.0658541	0.047649
-0.284085	0.203348
-0.796958	0.17499
-0.644353	-6.80508e-05
-0.440953	-0.0874397
-0.553913	-0.0757835
-0.560112	-0.191735
-0.715637	-0.172791
-0.6911	-0.211131
-0.921404	-0.184868
-0.635908	-0.301183
-0.29446	-0.223649
0.0593169	0.0215488
0.261232	0.025727
0.356049	-0.0522534
0.105481	0.176226
-0.362458	0.564479
-0.402682	0.558044
-0.49623	0.607127
-0.523214	0.573615
-0.587541	0.585585
-0.509318	0.456308
-0.649429	0.619497
-0.555601	0.513914
-0.561888	0.499296
-0.578883	0.576053
-0.627012	0.741953
-0.614683	0.611585
-0.457329	0.326095
-0.367852	-0.0797405
-0.36949	-0.247783
-0.470578	-0.264296
-0.690771	-0.136083
-0.718998	-0.18949
-0.745823	-0.139557
-0.466531	-0.269558
-0.528765	0.0094206
-0.45897	0.18975
-0.498044	0.534276
-0.681041	0.515774
-0.877622	0.552641
-0.848695	0.533513
-0.678505	0.426282
-0.433946	0.230616
-0.453592	0.229042
-0.440124	0.184161
-0.0277163	-0.129105
0.286604	-0.114653
0.224729	0.241018
0.444672	-0.0142282
0.169755	-0.0388782
0.195954	-0.235365
0.334028	-0.48418
0.0932119	-0.542575
-0.160981	-0.399074
-0.064366	-0.68997
0.0590344	-0.538259
-0.0983599	-0.491114
-0.431974	-0.196868
0.136375	-0.0629991
0.187118	-0.0487242
0.0954357	-0.0414227
-0.0613688	-0.121533
-0.322208	-0.165107
-0.181969	-0.241226
-0.0985848	-0.0725068
-0.0325363	0.323351
-0.402594	0.458119
-0.809079	0.0241563
-0.668575	0.0264239
-0.00486622	0.138657
0.195534	0.384911
-0.291401	0.183747
-0.467626	-0.0330991
-0.562211	-0.0644794
-0.587904	-0.171869
-0.610023	-0.261474
-0.771112	-0.254165
-0.966289	-0.27146
-0.962941	-0.33719
-0.960082	-0.31165
-0.925921	-0.342238
-0.934749	-0.365103
-1.04126	-0.24288
-1.07166	-0.0757166
-0.597566	-0.153342
-0.71427	-0.14925
-0.301589	0.115792
-0.74083	0.128005
-0.268977	0.253898
-0.65842	0.359582
-0.241758	0.321162
-0.504422	0.47255
-0.188597	0.388856
-0.125959	0.498864
-0.194176	0.348981
-0.132588	0.38496
-0.200091	0.268346
-0.349435	0.0703635
-0.51713	-0.0564176
-0.579036	0.105367
-0.680569	-0.216406
-1.22762	-0.665796
-0.919891	-0.382229
-0.774395	-0.206437
-0.693848	-0.274344
-0.747314	-0.24103
-0.727278	-0.186145
-0.736909	-0.297362
-0.7963	-0.208576
-0.728411	-0.131728
-0.782528	-0.311969
-0.766602	-0.331648
-0.704721	-0.231814
-0.763059	-0.451703
-0.706951	-0.156062
-0.594343	-0.318492
-0.619826	-0.174447
-0.827521	-0.0881132
-0.871378	-0.289021
-0.702426	-0.427529
-0.69503	-0.29578
-0.37244	0.0096233
0.343872	0.443468
0.0365676	0.523929
-0.107083	0.618352
-0.160827	0.748606
-0.169066	0.704201
-0.38981	0.658119
-0.359902	0.802426
-0.334654	0.775666
-0.34256	0.779866
-0.290661	0.755783
-0.387893	0.752993
-0.332165	0.699925
-0.262335	0.620109
-0.272262	0.727196
-0.254782	0.715733
-0.30044	0.663365
-0.264432	0.398464
-0.0282769	0.372984
0.226913	0.166337
0.357342	0.00414191
0.458311	-0.266416
0.57498	-0.0982636
0.325653	-0.0144515
-0.056617	-0.0448855
-0.293188	-0.195743
-0.160291	-0.442023
-0.419125	-0.337098
-0.263943	-0.605972
-0.530754	-0.332362
-0.556922	-0.367721
-0.507618	-0.224748
-0.633275	-0.0398823
-0.788737	0.220821
-0.734659	-0.0936733
-0.588957	-0.424102
-0.874696	-0.30373
-0.97955	-0.175692
-0.925134	-0.0978883
-0.853887	0.0985699
-0.658105	0.326083
-0.43225	0.577307
-0.190105	0.709358
-0.041612	0.855715
-0.0190626	0.186311
-0.0519377	0.166288
-0.0647776	0.286769
-0.106058	0.307909
0.0176036	0.445269
-0.0048476	0.363275
-0.113549	0.442301
-0.0178381	0.551214
-0.121151	0.474935
-0.494101	0.103011
-0.738189	0.228535
-0.59218	-0.141172
-0.763884	-0.129429
-0.785297	-0.211681
-0.748478	-0.23338
-0.733515	0.0447793
-0.732705	0.115865
-0.682318	0.0993587
-0.663592	-0.0134281
-0.7027	-0.19416
-0.680958	-0.22343
-0.691044	-0.17913
-0.72512	-0.0668581
-0.560138	-0.0461158
-0.322833	-0.0311984
-0.317134	-0.0246844
-0.343957	0.127317
-0.343789	-0.0399821
-0.244753	-0.322786
-0.0178753	-0.353038
-0.313086	-0.303129
-0.216235	-0.216286
-0.372361	-0.20482
-0.147127	0.0376469
-0.0390441	0.465786
-0.417996	0.446168
-0.262422	0.0130283
-0.397748	0.167762
-0.436094	0.178694
-0.321181	0.23158
-0.452357	0.471683
-0.256259	0.351577
-0.0432086	0.0451054
-0.0347437	-0.0740581
-0.116482	-0.0522384
-0.279309	0.424564
-0.585722	0.803009
-0.532326	0.737291
-0.680825	0.732037
-0.902911	0.784219
-0.966493	0.698997
-0.617084	0.396946
-0.305229	0.0673579
-0.637955	-0.255258
-0.472435	-0.380651
-0.533443	-0.361002
-0.550177	-0.340376
-0.546723	-0.149517
-0.27645	-0.199703
-0.0177416	0.169136
-0.027511	-0.105497
0.0233524	-0.349749
-0.104816	-0.550008
-0.0830843	-0.509348
-0.189326	-0.421282
-0.385249	-0.317498
-0.518403	-0.152359
-0.35591	0.00325135
-0.574911	0.116302
-0.65161	-0.0896901
-0.466066	0.25184
-0.413785	0.158341
-0.359694	-0.149375
-0.611292	-0.111575
-0.55267	-0.094797
-0.598827	-0.0459988
-0.444801	-0.183726
-0.467247	-0.155724
-0.491078	-0.171772
-0.499352	-0.216563
-0.593159	-0.243632
-0.74129	-0.219298
-0.7304	-0.307071
-0.609944	-0.343669
-0.477542	-0.40919
-0.205899	-0.466078
-0.237618	-0.133222
-0.404123	0.14543
-0.90767	0.684575
-1.09867	0.517296
-1.04506	0.388715
-0.489222	0.337402
-0.051018	0.199731
-0.253257	0.193335
-0.111024	0.0437383
-0.0804793	0.241526
-0.296039	0.300643
-0.419678	0.443042
-0.240787	0.416303
-0.300824	0.33069
-0.232218	0.434295
-0.0992017	0.469917
-0.365881	0.540433
-0.225959	0.507106
-0.185702	0.76687
-0.275494	0.634787
-0.373592	0.646002
-0.281858	0.804683
-0.339169	0.821471
-0.00927176	0.775759
-0.142089	1.0361
-0.118424	1.02341
-0.124391	1.09065
-0.090169	1.02239
-0.193622	0.852248
-0.321294	0.800286
-0.322938	0.614996
-0.263974	0.373151
-0.506763	0.296407
-0.702353	0.35478
-0.822556	0.353721
-0.628656	0.29093
-0.783563	0.287288
-0.588004	0.50679
-0.635681	0.251134
-0.52549	0.222679
-0.483059	0.238632
-0.53729	0.107794
-0.561492	0.0376688
-0.82276	0.179399
-0.7201	-0.11907
-0.678674	-0.211528
-0.623204	-0.424652
-0.664047	-0.250142
-0.628049	-0.3122
-0.729812	-0.315699
-0.896942	-0.130548
-0.550515	-0.297281
-0.748547	-0.196347
-0.739272	-0.151738
-0.774507	-0.228493
-0.753347	-0.151511
-0.602852	-0.302399
-0.873038	-0.259271
-0.812679	-0.179368
-0.885304	-0.181251
-0.843773	-0.193316
-0.988708	-0.271557
-0.788052	-0.282156
-0.748898	-0.341883
-0.88516	-0.274182
-0.844863	-0.354093
-0.731976	-0.192893
-0.351111	0.298361
-0.517136	0.225937
-0.562134	0.182862
-0.310858	0.372339
-0.292227	0.493694
-0.365319	0.164277
-0.44614	0.372804
-0.302373	0.681559
-0.107691	0.502057
0.335471	0.141342
-0.0252947	0.223587
-0.12046	0.0664473
-0.178393	-0.0523335
-0.220637	-0.264254
-0.416682	-0.0737537
-0.487065	-0.00347619
-0.501521	0.0351926
-0.377005	0.0987819
-0.0527222	0.228243
-0.172382	0.382226
-0.209736	0.294972
-0.304573	0.355658
-0.261508	0.315646
-0.55008	0.497559
-0.649236	0.672994
-0.556116	0.67765
-0.348348	0.633378
-0.0959767	0.506126
-0.0325965	0.472053
-0.122776	0.507583
0.0339751	0.417167
-0.00757443	0.425477
0.176435	0.475986
0.393037	0.246062
0.168583	0.390966
0.185149	0.503514
-0.448274	0.847562
-0.652004	1.0225
-0.773646	0.991849
-1.05121	0.867884
-1.06664	0.711936
-0.809531	0.324551
-0.636287	0.0852576
-0.523161	-0.0653543
-0.467756	-0.123791
-0.379445	-0.134545
-0.21767	-0.241248
-0.167623	-0.237844
-0.0265533	-0.259478
0.0713172	-0.363304
0.149612	-0.28561
0.0903878	-0.017704
-0.167872	0.237662
-0.19586	0.114445
-0.31407	-0.176094
-0.291055	0.0623622
-0.174848	0.292571
0.0621607	-0.281302
0.107846	-0.274892
0.0313089	-0.257543
-0.0378014	-0.171842
-0.107979	-0.0441137
-0.115287	0.0184731
-0.216786	0.221273
-0.361112	0.452402
-0.486825	0.629602
-0.305949	0.561037
-0.192977	0.688481
-0.0380893	0.681249
-0.0253044	0.673641
-0.019925	0.693914
0.0816737	0.429417
0.0208875	0.203988
-0.416026	0.21319
-0.50033	-0.0796146
-1.16401	-0.0866137
-0.876403	0.0077147
-0.507552	0.307211
-0.599846	0.321769
-0.408351	0.200431
-0.235561	0.142297
-0.355971	-0.0548247
-0.35029	-0.133497
-0.318827	0.0196347
-0.288017	0.469858
-0.353753	0.350163
-0.502843	0.33198
-0.555001	0.387605
-0.660947	0.467134
-0.640906	0.398138
-0.693875	0.382259
-0.698402	0.178928
-0.54913	-0.347517
-0.431577	-0.446878
-0.5168	-0.32638
-0.671931	-0.0856508
-0.565521	-0.0805197
-0.458018	0.00143335
-0.328557	0.153861
-0.315364	0.332652
-0.226375	0.468059
-0.145756	0.714687
-0.333631	0.899996
-0.249231	0.921857
-0.200814	0.925331
-0.178985	0.903758
-0.158773	0.895743
-0.141107	0.928237
-0.200001	0.834268
-0.23552	0.816676
-0.285727	0.741965
-0.474499	0.664516
-0.699043	0.566476
-0.771071	0.362055
-0.816349	0.177779
-0.868556	0.0455929
-0.861881	-0.0567028
-0.683066	-0.190396
-0.637937	-0.0373288
-0.524931	0.237626
-0.267816	0.228527
-0.104815	0.347938
-0.228183	0.51915
-0.16792	0.656212
-0.273748	0.521265
-0.012162	0.511321
-0.110154	0.503187
-0.230404	0.383349
-0.273947	0.181509
-0.50335	0.184824
-0.674208	0.0222575
-0.698675	-0.144558
-0.614135	-0.234885
-0.767735	-0.331425
-0.685631	0.0307307
-0.400721	0.231431
-0.360955	-0.3517
-0.40173	-0.37379
-0.721176	-0.273325
-0.871051	-0.253557
-0.747736	-0.298854
-0.822621	-0.162354
-0.855535	-0.0459207
-0.572145	-0.117812
-0.220411	-0.126144
-0.49963	-0.32318
-0.458674	-0.39064
-0.436657	-0.195457
-0.575196	-0.0464755
-0.623328	-0.0801344
-0.512195	-0.128614
0.215403	-0.560561
0.375192	-0.768392
0.0987082	-0.411335
-0.45843	-0.0177462
-0.588637	0.396953
-0.473973	0.355148
-0.83138	0.0833003
-0.583859	0.00608036
-0.450707	-0.0533921
-0.678376	-0.204654
-0.91601	-0.266834
-0.612637	-0.203257
-0.556009	-0.30155
-0.14083	0.139017
0.0676836	0.501381
0.20153	0.549354
0.126472	0.573126
0.0990022	0.554547
0.244821	0.574343
0.274205	0.510739
0.40405	0.222213
0.0658595	-0.0592005
-0.018717	-0.232292
0.106383	-0.46524
0.0206131	-0.303076
-0.0482167	-0.341044
-0.111346	-0.29544
-0.135147	-0.392937
-0.167386	-0.220792
-0.523113	-0.00603403
-0.374926	0.496543
-0.376128	0.698545
-0.230913	0.736608
-0.251402	0.77572
-0.312207	0.862602
-0.467143	0.940715
-0.511465	0.655521
-0.68891	0.771071
-0.701044	0.567278
-0.692831	0.441637
-0.0361709	0.325754
-0.0797914	0.325372
0.00319087	0.191396
0.13412	0.213859
0.0848705	0.184443
0.0231162	0.409486
0.0108433	0.335151
-0.131774	0.471459
-0.304909	0.181531
-0.493404	0.222122
-0.967483	0.394865
-0.750097	0.316072
-0.69624	0.368359
-0.567372	0.357233
-0.37211	0.362763
-0.215434	0.437858
-0.159982	0.555437
-0.0631963	0.0683552
-0.31622	-0.107833
-0.37708	-0.287795
-0.221223	0.0582749
-0.233401	-0.147228
-0.13403	-0.331401
-0.236613	-0.0856629
-0.269158	-0.105275
-0.219246	-0.0158465
-0.135801	0.0748258
-0.163977	0.0820227
-0.181334	0.0797761
-0.215978	0.205869
-0.366681	0.256007
-0.082692	-0.135438
-0.340943	-0.38219
-0.258294	-0.306715
-0.17884	-0.486557
-0.404189	-0.241948
0.0501129	-0.371589
-0.0282205	-0.323371
-0.16742	-0.229582
0.00190363	-0.243444
-0.0403114	-0.208648
0.0285283	-0.244967
0.0251775	-0.496874
0.12682	-0.336758
0.13588	-0.365647
0.0578445	-0.5113
0.0362628	-0.594401
-0.00574975	-0.412309
-0.226256	-0.422964
-0.390825	-0.369564
-0.522842	-0.375472
-0.750564	-0.112276
-0.607629	-0.17365
-0.637968	-0.161413
-0.698613	-0.283256
-0.829722	0.0306924
-0.643344	-0.0693428
-0.749746	-0.0441733
-0.723171	-0.182691
-0.732296	-0.157347
-0.78769	-0.161193
-0.797563	-0.235156
-1.02878	-0.331151
-0.905264	-0.507296
-0.907941	-0.51718
-0.831894	-0.336097
-0.969719	-0.358894
-0.89747	-0.233305
-1.04398	-0.303298
-1.08068	-0.389661
-0.935091	-0.196644
-1.0318	-0.359831
-0.923753	-0.394146
-0.8674	-0.261062
-1.01519	-0.175118
-0.81623	-0.00852997
-1.07706	-0.341155
-0.936463	-0.293217
-0.401546	-0.137417
-0.643005	-0.0578237
-0.235057	0.0461422
-0.249026	0.186596
-0.354652	0.0614232
-0.476028	-0.124209
-0.498323	-0.115119
0.529683	0.883283
0.513098	0.892112
0.363051	0.981889
0.516619	0.963828
0.254104	0.934223
0.354565	0.925002
0.374945	0.938186
0.321094	0.919966
0.223939	1.0116
0.412696	0.894981
-0.250625	0.563804
-0.27373	0.190397
-0.514504	-0.128066
-0.623846	0.0601822
-0.594658	-0.11095
-0.53914	0.00570055
-0.85374	0.211266
-0.578833	0.293663
0.193713	0.677408
-0.283777	0.975122
-0.360322	0.723276
-0.362536	0.522539
-0.557996	0.460205
-0.611534	0.332866
-0.793266	0.415197
-0.857398	0.488291
-0.864524	0.618294
-0.70453	0.692028
-0.525626	0.779637
-0.219867	0.912411
0.131863	1.01885
0.345687	0.917354
-0.0700098	0.74044
-0.275802	0.511025
-0.206667	0.591956
-0.14465	0.68881
-0.13973	0.679287
-0.0123822	0.772258
0.0382141	0.86109
-0.0473702	0.865874
-0.277423	0.591833
-0.427957	0.322873
-0.574355	0.219533
-0.44114	0.012712
-0.682706	0.0743382
-0.512257	-0.0970965
-0.469608	-0.191896
-0.381756	-0.201463
-0.169767	-0.107395
-0.276008	0.263472
-0.507641	0.683546
-0.250354	0.383625
0.055328	0.219818
-0.311596	0.161468
-0.548249	-0.14305
-0.534367	-0.213423
-0.504417	-0.170193
-0.646156	-0.150126
-0.768261	-0.11164
-0.745114	-0.138465
-0.696487	-0.0514881
-0.527522	0.0087837
-0.412449	-0.0622923
-0.399365	-0.162263
-0.562044	-0.404838
-0.701934	-0.277689
-0.737071	-0.14745
-0.539267	-0.0896934
-0.274516	0.0553283
-0.196826	0.353639
-0.386679	0.661801
-0.300262	0.606722
-0.326307	0.579078
-0.602517	0.658596
-0.736699	0.630614
-0.667921	0.44815
-0.67815	0.497264
-0.867563	0.521694
-0.847982	0.461584
-0.812006	0.441986
-0.578393	0.212442
-0.714391	0.158835
-0.744659	0.353955
-0.688953	0.548734
-0.548237	0.723168
-0.376335	0.77958
-0.316403	0.649677
-0.282757	0.57285
-0.280642	0.529668
0.0349628	0.380195
0.13695	0.29206
0.247317	0.366729
0.285399	0.261189
0.243998	0.23351
0.342969	0.241674
0.264704	-0.104606
0.0834243	-0.236781
-0.153745	-0.447037
-0.213549	-0.289678
-0.0534203	-0.124849
0.114234	0.327273
-0.102105	-0.159553
-0.108769	-0.271113
-0.176564	-0.347433
-0.367471	-0.22365
-0.508959	-0.00610073
-0.753578	0.366931
-0.722591	0.426667
-0.750836	0.486913
-0.766935	0.470065
-0.836882	0.449216
-0.985029	0.499215
-1.01502	0.410781
-0.927631	0.219981
-0.977519	0.180307
-1.03698	0.047798
-0.94026	-0.0832371
-0.472506	-0.0221527
-0.0551656	0.0788278
0.19235	0.22692
0.264495	0.0214937
0.233797	-0.324736
0.106349	-0.536166
-0.0302934	-0.350142
-0.421595	-0.536828
-0.474851	-0.443078
-0.586568	-0.185416
-0.568236	-0.106124
-0.437069	-0.431337
-0.493785	-0.350503
-0.243819	-0.18916
-0.10699	-0.470783
-0.395536	-0.559743
-0.528414	-0.215283
-0.560184	0.00782844
-0.812248	0.262503
-0.886986	0.301129
-0.812174	0.312353
-0.698137	0.248823
-0.662093	0.301415
-0.442224	0.367749
-0.174973	0.337622
0.0138036	0.361075
-0.00441171	0.327002
-0.250459	0.339858
-0.273515	-0.0328416
-0.662224	0.0681909
-0.792365	-0.0797924
-0.924989	-0.137586
-0.45188	-0.13584
-0.421449	-0.109572
-0.856583	0.38047
-0.478888	0.375931
-0.327714	0.626054
-0.467385	0.36479
-0.496799	0.369503
-0.586744	0.269666
-0.724804	0.23248
-0.805843	0.244703
-0.875028	0.28522
-0.852716	0.366492
-0.744238	0.348145
-0.724665	0.265292
-0.76721	0.339769
-0.686508	0.341528
-0.709214	0.307218
-0.516206	0.181719
-0.195138	0.29122
-0.165299	0.256964
-0.312568	0.221132
-0.167733	0.282754
-0.215396	0.149042
-0.36237	0.308348
-0.29279	0.461142
-0.270534	0.97847
0.29317	0.846318
0.372085	0.888776
0.197949	0.833327
0.255845	0.646255
0.245911	0.803152
0.22115	0.82009
0.156814	0.443286
0.0906724	0.463071
0.215994	0.157378
0.148854	-0.00107142
-0.0987284	-0.0156094
0.19292	-0.164123
0.310808	-0.247217
0.262341	-0.372329
-0.0196728	-0.160196
-0.0690284	-0.0949492
-0.274897	-0.116049
-0.242817	-0.302776
-0.134082	-0.148387
-0.171662	-0.128489
0.0605329	-0.242907
0.0894288	-0.267678
-0.0255492	-0.284431
-0.122509	-0.0189472
-0.230037	-0.0880653
-0.193005	-0.203263
-0.509501	-0.1408
-0.237873	-0.201399
-0.493086	-0.14555
-0.481849	-0.193338
-0.707128	-0.209468
-0.649976	-0.275999
-0.684621	-0.1753
-0.500171	-0.0419123
-0.550698	0.0287512
-0.67919	-0.225709
-0.794291	-0.272384
-0.614715	-0.0813319
-0.685132	-0.189042
-0.586974	-0.210926
-0.83083	-0.219889
-0.77588	-0.245511
-0.711755	-0.404247
-0.903131	-0.500169
-0.898122	-0.41311
-0.753354	-0.323952
-0.507237	-0.331227
-0.384932	-0.393743
-0.352047	-0.333757
-0.263419	-0.2167
-0.390044	-0.347556
-0.432841	-0.201729
-0.459415	-0.260052
-0.298267	-0.167646
-0.218932	0.0652271
-0.331567	0.764211
-0.443451	0.781214
-0.528445	0.875275
-0.448523	0.907046
-0.370819	0.928684
-0.446207	0.943158
-0.0699431	0.743819
0.00603644	0.577272
0.0531121	0.576646
-0.100901	0.0955214
-0.19477	-0.0179821
-0.310276	-0.108295
-0.272518	-0.234894
-0.447514	-0.066562
-0.455301	-0.153281
-0.557558	-0.366329
-0.996883	-0.321552
-0.489885	-0.178926
-0.534256	0.138108
-0.570083	-0.00952857
-0.721731	-0.193636
-0.890094	-0.216617
-1.00496	-0.188626
-0.877232	-0.345869
-0.927244	-0.352891
-0.914197	-0.373581
-0.944444	-0.39368
-1.03562	-0.365476
-1.0833	-0.296342
-1.1294	-0.248348
-1.12328	-0.260837
-1.11169	-0.20998
-1.0742	-0.179506
-0.986513	-0.0698996
-0.855769	0.046856
-0.677352	0.0519218
-0.603723	0.102428
-0.674907	0.416381
-0.474484	0.428926
-0.257337	0.3106
-0.203546	0.214081
-0.214019	0.344941
-0.0696007	0.350706
0.137331	0.176765
0.12836	0.361307
-0.0999144	0.413134
-0.282556	0.343641
-0.12098	-0.1348
0.0118849	-0.266299
0.0527065	-0.105931
0.0883475	-0.340122
0.140387	-0.32109
0.00927777	-0.328341
-0.353443	-0.134236
-0.431622	0.088006
-0.550636	-0.198189
-0.340965	-0.0850203
-0.351127	0.391905
-0.479409	-0.104631
-0.635024	-0.297449
-0.557274	-0.298034
-0.605076	-0.247151
-0.68616	-0.232199
-0.966508	-0.138831
-0.85599	-0.283364
-0.772082	-0.294676
-0.792006	-0.288176
-0.531873	-0.0141045
-0.691516	0.153624
0.0216547	0.112854
-0.166231	0.351929
-0.197071	0.487498
-0.102609	0.390635
-0.0638144	0.371733
-0.390631	0.517297
-0.735777	0.631741
-0.58321	0.623304
-0.650372	0.700701
-0.576285	0.621264
-0.555714	0.624984
-0.402601	0.431832
-0.447914	0.335757
-0.475851	0.435334
-0.489236	0.346519
-0.717334	0.518585
-0.579513	0.431339
-0.706188	0.344924
-0.833471	0.430442
-0.789077	0.412
-0.735335	0.160948
-0.741472	0.143427
-0.741156	0.195125
-0.746553	0.232066
-0.70357	0.255618
-0.738999	0.288379
-0.72397	0.340654
-0.692441	0.339665
-0.726155	0.345884
-0.724525	0.342829
-0.693618	0.324862
-0.736998	0.335805
-0.722607	0.353086
-0.66904	0.257253
-0.29763	0.080631
-0.0103888	0.128943
-0.160208	0.521115
0.043926	0.228253
0.0764888	0.00569114
-0.120779	-0.0833191
-0.33833	-0.0891576
-0.383189	-0.0535238
-0.27426	-0.294565
-0.325014	-0.32385
-0.349943	-0.220518
-0.462263	-0.387626
-0.489397	-0.445104
-0.49402	-0.382533
-0.157677	-0.285576
-0.0712318	-0.0971348
-0.746217	-0.278785
-1.08556	-0.165963
-0.784019	-0.293782
-0.849058	-0.216519
-0.766846	-0.270101
-0.755973	-0.308068
-0.674131	-0.304503
-0.806751	-0.388574
-0.855968	-0.269681
-0.776927	0.401841
-0.812217	0.743917
-0.86291	0.226055
-0.499287	0.405171
-0.170941	0.510406
-0.556117	0.387755
-0.292545	0.145422
0.11784	0.218859
0.340132	0.27828
0.289035	0.299889
0.114038	0.150987
0.102046	0.270748
0.276612	0.200199
0.356455	0.252284
0.462056	0.330394
0.312806	0.269794
0.227229	0.309339
-0.100612	0.280782
-0.325464	0.460828
-0.447262	0.677172
-0.396378	0.758512
-0.316887	0.79425
-0.305861	0.656667
-0.1627	0.529729
-0.0929485	0.534554
-0.00014934	0.364562
0.0181441	0.189049
-0.0922062	0.424866
-0.0962588	0.225651
-0.202465	0.325681
-0.118214	0.259849
-0.139017	0.350652
-0.102109	0.400663
-0.369353	0.297833
-0.5822	0.145069
-0.542027	0.301864
-0.352264	0.59552
-0.221229	0.828583
-0.226121	0.956577
-0.195826	0.981611
-0.077516	1.0038
-0.0789353	1.01986
-0.135204	1.01391
-0.112053	1.00355
-0.0476383	1.00393
-0.0353488	1.04956
-0.0542506	1.00627
-0.125381	0.973009
-0.196274	0.874796
-0.293796	0.798503
-0.407653	0.748104
-0.497337	0.615438
-0.571767	0.44587
-0.535064	0.308256
-0.499723	0.163495
-0.58684	0.0983123
-0.700141	0.0758549
-0.401109	0.00153834
-0.533303	0.0107614
-0.456232	-0.038325
-0.504492	-0.155741
-0.524665	0.0627944
-0.347306	0.122383
-0.398238	0.0496351
-0.280243	0.203949
-0.441908	-0.10729
-0.709759	0.0398592
-0.7604	-0.23287
-0.588545	-0.354862
-0.602032	-0.294045
-0.436322	-0.293622
-0.446634	-0.307698
-0.462859	-0.282854
-0.466655	-0.389105
-0.356485	-0.102588
-0.065701	-0.0355597
-0.139034	-0.34546
-0.178059	-0.52761
-0.242789	-0.586775
-0.422704	-0.710785
-0.505332	-0.586707
-0.653334	-0.262345
-0.549995	-0.235906
-0.640648	-0.233391
-0.623343	-0.400381
-0.637049	-0.270686
-0.635152	-0.225548
-0.675565	-0.169898
-0.783464	-0.189895
-0.801398	-0.175907
-1.10195	-0.171023
-1.05982	-0.0281574
-0.781006	-0.122627
-0.999216	-0.0814466
-0.975248	-0.102574
-0.93915	0.0234902
-0.977833	0.0813762
-1.09782	0.0526976
-0.621941	0.467239
-0.704469	0.345281
-0.726493	0.307472
-0.543758	0.333282
-0.571081	0.417078
-0.539477	0.503636
-0.508823	0.62188
-0.492705	0.729141
-0.37827	0.69566
-0.328139	0.642454
-0.427349	0.65512
-0.560714	0.585999
-0.643343	0.510428
-0.745438	0.404176
-0.788918	0.319739
-0.796578	0.234579
-0.613302	0.11882
-0.540788	0.116882
-0.715224	0.502254
-0.444992	0.426101
-0.459479	0.483389
-0.43594	0.580489
-0.279179	0.431342
-0.270583	0.514379
-0.165409	0.0351053
-0.503257	-0.161356
-0.779681	-0.211266
-0.883855	-0.158328
-0.82384	-0.200804
-0.623484	-0.0978876
-0.688849	-0.126895
-0.881183	-0.0536929
-0.958871	-0.0825655
-0.980242	-0.120544
-0.922649	-0.17217
-0.860237	-0.2333
-0.852007	-0.262865
-0.806966	-0.219431
-0.756644	0.229965
-0.568869	0.504676
-0.274199	0.373368
-0.231136	0.474812
-0.0787119	0.51765
0.0316695	0.517545
-0.187836	0.533542
0.0264198	0.228314
-0.235288	-0.0300755
-0.0114419	-0.234016
-0.276267	-0.0955526
-0.54748	-0.0080897
-0.235504	-0.113175
-0.379485	-0.145941
-0.31328	-0.205847
-0.676736	-0.122248
-0.701297	0.0783534
-0.561937	0.0767585
-0.621154	-0.189141
-0.500511	-0.40036
-0.709117	-0.288217
-0.735983	-0.322324
-0.705291	-0.344296
-0.648	-0.359349
-0.62074	-0.318676
-0.569067	-0.239266
-0.420941	-0.210126
-0.328495	-0.0265854
-0.095219	-0.123973
-0.29706	-0.105266
-0.448987	-0.0145072
-0.408002	-0.423851
-0.523821	-0.301111
-0.501145	-0.370726
-0.378019	0.0325135
-0.21525	-0.0444823
-0.198683	-0.287532
-0.469977	-0.22838
-0.518484	-0.345541
-0.510043	-0.279416
-0.575869	-0.185299
-0.559547	-0.173895
-0.509641	0.0163371
-0.156873	0.107884
0.0621543	0.151355
-0.0144821	0.0845094
-0.189379	0.142273
0.090439	0.00346466
-0.012201	-0.106787
0.434158	-0.210853
0.388592	0.118585
0.38136	0.096096
0.314291	0.237317
0.174164	0.111426
-0.207495	0.178933
-0.256736	0.108646
-0.220869	0.0815
-0.183548	0.0772041
-0.498902	0.307116
-0.774482	0.354194
-0.717099	0.377815
-0.854249	0.516935
-0.915956	0.582034
-0.859459	0.535468
-0.596092	0.194129
-0.326931	-0.203695
-0.507495	-0.314223
-0.425329	-0.296489
-0.572124	-0.119139
-0.450362	-0.0483076
-0.650605	0.722645
-0.597187	0.726291
-0.53844	0.864377
-0.437332	0.681511
-0.137328	0.815996
0.0483861	0.540618
-0.0116536	0.208332
-0.339179	0.0946971
-0.334598	-0.215282
-0.648572	-0.115185
-0.642646	-0.179134
-0.26023	-0.189141
0.134876	0.0453975
-0.0886739	-0.0269856
-0.0219708	-0.146996
-0.0814187	-0.0530727
0.0454354	-0.0532497
0.14972	-0.0248794
0.290228	-0.0601755
-0.151748	0.239962
-0.379264	0.21394
-0.501626	0.0202564
-0.722628	-0.0995825
-0.654626	-0.212908
-0.83949	-0.278632
-0.669982	-0.0518436
0.0264766	-0.107826
-0.288001	0.047787
-0.254705	-0.233378
-0.297449	-0.284899
-0.1839	-0.356357
-0.242209	-0.143709
-0.504247	0.14777
-0.53825	0.215525
-0.531986	0.25518
-0.494063	0.229673
-0.517715	0.171155
-0.511166	0.27
-0.554243	0.286828
-0.449124	0.230065
-0.296246	0.266026
-0.22029	0.274527
-0.246807	0.233221
-0.219726	0.0120886
-0.0902933	0.39371
-0.152427	0.653921
-0.300546	0.721413
-0.412293	0.800338
-0.384855	0.67546
-0.105458	1.00678
-0.121921	1.10249
-0.141178	1.13124
-0.233547	1.23248
-0.022626	1.04787
-0.0936466	0.985963
-0.151191	1.08494
-0.237177	1.0623
-0.32421	1.14072
-0.35759	1.00892
-0.370942	0.858247
-0.55226	0.653804
-0.337227	0.685429
-0.416551	0.361077
-0.343333	0.1139
-0.492951	-0.12247
-0.46364	-0.124658
-0.528273	-0.232277
-0.452711	-0.277233
-0.3625	-0.356781
-0.506278	-0.409532
-0.429848	-0.298499
-0.602647	-0.358791
-0.562471	-0.314391
-0.504176	-0.232927
-0.77548	-0.550511
-0.742574	-0.465902
-0.70121	-0.390045
-0.771947	-0.326571
-0.852804	-0.0736416
-0.731328	-0.37016
-0.818317	-0.369465
-0.821238	-0.396604
-0.79509	-0.293966
-0.773875	-0.150799
-0.985382	-0.356071
-0.890278	-0.346102
-0.777416	-0.383604
-0.832815	-0.118803
-1.10982	0.0373775
-0.899762	-0.295591
-0.733562	-0.369261
-0.789942	-0.377768
-0.730108	-0.331487
-0.668538	-0.185389
-0.732523	-0.168001
-0.756934	-0.209008
-0.767604	-0.26845
-0.55919	-0.192144
-0.884963	-0.145756
-0.598381	-0.109494
-0.240986	0.10772
0.0512125	0.300651
-0.264065	0.22373
-0.56261	0.292514
-0.753706	0.344717
-0.468886	0.391101
-0.579017	0.0920052
-0.807719	-0.0653683
-0.700388	-0.111851
-0.531712	-0.22264
-0.398515	-0.246418
-0.369908	-0.165615
-0.177181	-0.0561393
-0.0784202	0.126525
0.263661	0.209859
0.064557	-0.0969142
0.216469	-0.360921
-0.0260008	-0.528252
-0.330714	-0.554318
-0.338181	-0.630251
-0.398443	-0.40561
-0.335283	-0.389646
-0.187905	-0.0661357
-0.307364	-0.125048
-0.313399	-0.249766
-0.384207	-0.195228
-0.609838	-0.0918778
-0.731184	-0.180322
-0.74743	-0.174138
-0.397062	-0.208443
-0.390456	0.0536701
-0.216316	0.0687064
-0.119741	0.0459855
0.011714	-0.129534
0.141946	-0.15539
0.00266161	0.197915
-0.0183249	0.113979
-0.229588	0.0827976
-0.813291	0.194883
-0.67805	0.078163
-0.243502	0.283872
-0.339434	0.0480392
-0.12411	-0.333451
-0.154026	-0.304544
-0.17848	-0.334456
-0.177482	-0.333513
-0.317021	-0.248502
-0.297429	-0.244727
-0.444253	-0.227952
-0.409827	-0.283555
-0.31117	-0.361982
-0.259766	-0.367622
-0.43014	-0.441486
-0.440303	-0.569004
-0.523372	-0.443808
-0.561094	-0.418013
-0.974362	-0.0814325
-0.785202	0.00503293
-0.715482	0.0619209
-0.587459	0.138581
-0.421931	0.30458
0.113826	0.0507157
0.271299	0.075713
-0.0632315	0.0500223
0.0318012	-0.144095
-0.127935	-0.323693
-0.479065	-0.456754
-0.608009	-0.427326
-0.552812	-0.222297
-0.44002	-0.139787
-0.0979488	0.216302
0.114243	0.0287734
0.140687	0.225584
0.0476364	0.179926
-0.175066	0.105154
-0.245312	-0.0249697
0.0680185	0.00686486
0.17802	0.207672
0.228819	0.160731
0.452479	0.00107252
-0.0476071	-0.0283261
-0.554066	0.0707742
-0.511701	0.132972
-0.40591	0.0264588
-0.461628	-0.298815
-0.842508	-0.257579
-0.739316	-0.267703
-0.486805	-0.281107
-0.857316	-0.108838
-0.411177	0.180888
-0.658842	-0.0429727
-0.581946	-0.109235
-0.668732	-0.0350576
-0.676271	-0.014177
-0.683027	0.0949688
-0.683326	0.315558
-0.468674	0.35146
-0.360867	0.488417
-0.251659	0.478248
-0.562179	0.337621
-0.377564	0.43643
-0.357673	0.226751
-0.638196	0.0269719
-0.669197	-0.0744758
-0.267566	-0.136264
-0.336216	-0.107469
-0.255839	-0.0861701
0.112699	-0.0846635
-0.379921	0.16405
-0.09313	-0.00914844
-0.143777	0.0692795
-0.141158	-0.0552483
-0.272325	-0.154546
-0.358421	-0.120462
-0.297856	-0.228686
-0.267504	-0.302928
-0.147043	-0.279636
-0.103333	-0.140171
-0.0231941	0.163462
-0.127716	0.0942151
-0.0888833	0.143548
-0.491652	-0.208882
-0.509128	-0.195465
-0.381083	-0.057391
-0.788887	-0.182228
-0.776273	-0.073616
-0.457265	0.341832
-0.169204	0.135897
-0.848986	0.33439
-1.05749	0.343681
-0.271364	0.593929
-0.922417	0.477937
-0.815817	0.314707
-0.856502	0.25013
-0.724835	0.30131
-0.884676	0.335227
-0.875327	0.353257
-0.938621	0.341187
-1.02491	0.297409
-1.07214	0.415891
-1.09828	0.385756
-0.970159	0.337936
-0.907554	0.291396
-0.745187	0.312683
-0.751821	0.467962
-0.610426	0.456733
-0.545733	0.38616
-0.557623	0.275842
-0.501248	0.206311
-0.629377	0.406599
-0.577798	0.826738
-0.333486	1.16419
-0.193623	1.22814
-0.0387213	1.05094
0.149823	1.02773
0.0322801	0.96726
0.0140639	1.01311
0.00606447	0.935409
-0.0074239	0.784811
0.0591087	0.553055
-0.127315	0.348354
0.0300008	0.0798635
-0.0750371	-0.106941
-0.0636595	-0.24243
-0.129459	-0.23542
-0.00920564	-0.559832
0.0794399	-0.486454
0.145337	-0.179373
-0.236151	-0.209054
-0.122498	-0.393911
-0.22334	-0.440764
-0.219161	-0.366793
-0.0865952	-0.438569
-0.298971	0.0206039
-0.286939	0.135689
-0.285543	-0.255069
-0.13697	-0.40979
-0.338537	-0.355726
-0.477974	-0.477111
-0.370741	-0.24957
-0.423868	-0.60789
-0.653892	-0.48581
-0.569032	-0.262943
-0.723938	-0.38807
-0.687283	-0.332324
-0.774758	-0.362373
-0.807322	-0.290175
-0.995082	-0.255363
-0.442569	-0.0831084
-0.725182	0.0277669
-0.783801	0.0273215
-0.672422	0.1082
-0.540517	0.303514
-0.577184	0.376964
-0.490421	0.345839
-0.331441	0.419252
-0.133185	0.487542
0.219086	0.263528
-0.143613	0.362839
-1.16288	0.0180713
-0.789969	0.236202
-0.487775	-0.208013
-0.0681178	-0.0474266
0.104043	-0.128572
-0.214781	-0.379574
-0.465439	-0.343642
-0.58404	-0.201473
-0.395831	-0.325075
-0.584956	-0.258742
-0.555738	-0.125201
-0.414014	-0.148501
-0.456028	-0.0391554
-0.509083	0.315926
-0.679164	0.685678
-0.606726	0.534041
-0.561976	0.500206
-0.654989	0.478371
-0.580567	0.259968
-0.472928	0.0889279
-0.179777	-0.265284
-0.207487	-0.333287
-0.100608	-0.297402
-0.0296866	-0.272273
0.0556253	-0.206321
0.109871	-0.0930576
0.237198	-0.0787052
0.282061	-0.0325976
0.307317	0.0968668
0.376636	0.124899
0.348444	0.17709
0.373433	0.136552
0.350105	0.0676899
0.284119	0.00154863
0.334256	-0.00845003
0.212427	-0.0300931
0.208672	-0.0649022
0.0930031	-0.032305
0.0572435	-0.140924
0.0666183	-0.263064
0.0291524	-0.368205
-0.0654958	-0.412091
-0.168764	-0.418652
-0.223384	-0.414072
-0.273298	-0.36466
-0.203935	-0.435711
-0.481793	-0.173666
-0.545665	0.314222
-0.751962	0.596642
-0.636721	0.547685
-0.696706	0.676939
-0.594182	0.729914
-0.541067	0.741302
-0.346727	0.618031
-0.234419	0.612175
-0.0866111	0.634813
0.0152506	0.42254
-0.43088	0.303113
-0.757797	0.109773
-0.370745	0.133151
-0.529324	0.0970617
-0.249341	-0.0759902
0.0761895	0.316213
-0.209387	0.754554
0.176906	0.882007
-0.133614	0.220279
-0.564201	0.141986
-0.669371	0.0481258
-0.577854	-0.0973428
-0.646042	-0.241072
-0.719448	-0.254784
-0.614278	-0.199651
-0.496307	-0.212691
-0.809113	0.487018
-0.645913	0.309097
-0.814404	0.415567
-0.82281	0.374342
-0.882369	0.209692
-0.466132	-0.38984
-0.768125	-0.502139
-0.868389	-0.382134
-0.745461	-0.211758
-0.52726	-0.220028
-0.273251	-0.203281
-0.0597497	0.139348
-0.101195	0.358378
-0.228009	0.193629
-0.307421	0.0380204
-0.407758	0.0310741
-1.06017	0.0221138
-1.08302	-0.0394524
-0.593144	0.219562
-0.490057	0.413025
-0.585757	0.174646
-0.503736	-0.0935498
-0.878036	0.116241
-0.90181	0.150909
-0.348238	0.142919
-0.0850018	0.339225
-0.11769	0.215146
-0.197323	0.328268
0.0289225	0.226456
0.25008	0.149238
0.115897	0.361397
0.11234	0.318626
-0.00900245	0.295439
0.0958981	0.194686
-0.236071	0.085428
-0.0879678	0.160233
-0.0100582	0.0876239
0.212651	0.668666
0.0658129	0.832339
-0.152517	0.754769
-0.646373	0.692812
-0.959225	0.482912
-0.913517	0.277714
-0.819445	0.155971
-0.084252	0.136235
-0.0862694	0.237681
-0.0608343	0.212387
-0.0292189	0.094542
-0.0195778	0.054233
0.288972	-0.0688505
0.231515	0.133569
0.325719	-0.0816256
0.165649	0.13003
0.0937525	0.275152
0.097983	0.0671358
-0.154748	0.0399375
-0.38104	-0.0148704
-0.521404	-0.121283
-0.777969	-0.198479
-0.733484	-0.151564
-0.677092	-0.210089
-0.802942	-0.25543
-0.796279	-0.232504
-0.622005	-0.285421
-0.681607	-0.390604
-0.451793	-0.67301
-0.462907	-0.567923
-0.340412	-0.526767
-0.422817	-0.446952
-0.599551	-0.309461
-0.660772	-0.178869
-0.740893	-0.144702
-0.695461	-0.305225
-0.860521	-0.20201
-0.769404	-0.278148
-0.737159	-0.280698
-0.745318	-0.223308
-0.680351	-0.300287
-0.791591	-0.0823545
-0.877136	-0.190069
-0.7865	-0.204564
-0.980479	-0.244614
-0.893543	-0.23108
-0.708074	-0.369432
-0.814715	-0.211026
-0.895333	-0.319632
-0.813727	-0.214564
-0.710423	-0.257273
-0.568911	-0.0577382
-0.381158	0.0374013
-0.442977	0.00150319
-0.68727	-0.227565
-0.911364	-0.222613
-0.942542	-0.279734
-0.871416	-0.37917
-0.86288	-0.325964
-0.666727	-0.391917
-0.523894	-0.365208
-0.360691	-0.270971
-0.140963	-0.135191
0.0308864	-0.0356426
0.168952	0.0290284
0.169107	0.0770072
0.345102	0.102804
0.305863	0.107823
0.370325	0.0635425
0.275235	0.047237
0.312961	0.0938786
0.331497	-0.00321866
0.296301	-0.00708436
0.129306	-0.0404003
-0.0448705	-0.0282071
-0.227081	-0.00017819
-0.418492	0.167871
-0.479382	0.384038
-0.461984	0.609839
-0.417365	0.719624
-0.372618	0.767258
-0.373778	0.826792
-0.4091	0.751541
-0.496205	0.683053
-0.639273	0.594176
-0.811898	0.504022
-1.03079	0.474619
-1.08956	0.333183
-0.908488	0.351602
-0.659394	0.377765
-0.298871	0.186405
-0.50152	0.203193
-0.343135	0.4756
-0.389741	0.541541
-0.260386	0.702483
-0.370691	0.610613
-0.566403	0.551776
-0.645337	0.60009
-0.502998	-0.0788094
-0.483837	-0.339196
-0.485911	-0.402843
-0.480449	-0.420589
-0.492787	-0.43515
-0.408442	-0.456282
-0.430342	-0.432273
-0.361414	-0.411462
-0.397975	-0.32203
-0.356646	-0.288225
-0.234876	-0.299857
-0.0492755	-0.283067
0.14453	-0.114873
0.170122	0.216387
0.125693	0.269702
0.45448	-0.149747
0.362521	-0.335653
0.266254	-0.26392
0.0231583	-0.0218374
-0.168415	-0.0792549
-0.460043	0.0112118
-0.511186	-0.136698
-0.434605	0.229192
-0.588696	0.0730938
-0.529158	-0.0137295
-0.128299	0.289123
-0.331251	0.333362
-0.378357	0.461812
-0.552835	0.621191
-0.594589	0.628851
-0.542234	0.660925
-0.511118	0.61727
-0.433353	0.488117
-0.280836	0.422133
-0.0154696	0.506725
-0.0103282	0.17007
-0.300091	0.206935
-0.481476	0.0473549
-0.51238	-0.0999617
-0.257238	0.126389
-0.327743	-0.160402
0.157624	-0.321473
0.115644	-0.357572
0.0908761	-0.283193
0.11633	-0.116748
0.141841	0.168659
0.419476	-0.103881
0.214865	-0.119195
0.0628511	-0.148677
-0.0324212	-0.334902
-0.327393	-0.350933
-0.465952	-0.287455
-0.777898	-0.0628345
-0.868886	-0.0364152
-0.647735	0.190927
-0.524111	0.15575
-0.619772	-0.0453229
-0.393576	-0.232762
-0.563634	-0.0651514
-0.430919	0.0142023
-0.434409	0.187867
-0.272727	0.200156
-0.241985	0.0686958
-0.300351	-0.0134675
-0.452358	-0.047724
-0.660851	-0.199712
-0.723624	-0.183136
-0.572942	-0.147422
-0.825792	0.178898
-0.960604	0.0975088
-0.626697	0.278706
-0.76918	0.274391
-0.901736	0.278786
-0.740906	0.154889
-0.824092	0.253797
-0.634061	0.291175
-0.671463	0.397701
-0.487358	0.320094
-0.522998	0.546766
-0.606422	0.71228
-0.499748	0.536134
-0.353602	0.472528
-0.182594	0.400565
0.0344919	0.48575
0.25732	0.533894
0.563688	0.25412
0.23621	0.185487
0.306684	-0.121179
-0.124228	0.0738378
-0.105308	-0.362394
-0.479351	-0.310321
-0.511121	-0.12985
-0.512054	0.0368903
0.0876832	0.357086
-0.115284	0.238139
-0.118679	0.128272
-0.165866	-0.0237818
-0.0617696	-0.295233
-0.0528931	-0.33431
-0.0954719	-0.209566
-0.0297481	-0.20403
0.1197	-0.138779
0.0718025	0.0992974
0.291703	0.272586
0.193433	0.17346
0.0139738	-0.293694
-0.179495	-0.40244
0.0143027	-0.567698
0.021536	-0.608366
-0.342306	-0.388386
-0.233988	-0.114183
-0.440094	0.016543
-0.846256	0.0553707
-0.724311	0.0751102
-1.16762	-0.0990482
-0.690483	-0.229814
0.172259	0.189036
-0.000917028	0.340729
-0.0137327	0.487009
-0.00444028	0.288931
0.0744598	0.0642706
0.0388776	-0.210922
-0.128922	-0.16479
-0.460303	-0.153953
-0.447075	-0.152258
-0.511504	-0.331212
-0.636706	-0.240933
-0.697531	-0.284668
-0.640386	-0.282441
-0.655297	-0.308333
-0.563935	-0.398741
-0.558726	-0.47741
-0.66187	-0.423246
-0.606648	-0.556683
-0.488674	-0.627151
-0.421111	-0.607804
-0.577211	-0.521633
-0.371637	-0.233246
-0.347725	0.0572987
-0.15405	0.253973
-0.276711	0.599078
-0.260387	0.668061
-0.265908	0.734152
-0.0748039	0.500389
0.130609	0.247343
-0.300928	0.256754
-0.319483	0.437478
-0.320493	0.662042
-0.344643	0.422695
-0.4889	0.41169
-0.64182	0.21158
-0.94814	-0.327397
-0.815901	-0.286084
-0.979195	-0.461591
-1.03261	-0.346134
-0.258069	0.236309
-0.0206347	0.420899
-0.184498	0.487956
0.0223466	0.45994
-0.107996	0.381966
-0.113914	0.166558
-0.189879	0.148915
-0.56542	0.52082
-0.667418	0.459466
-0.568963	0.339433
-0.380901	0.202743
-0.457973	0.213049
-0.521518	-0.13432
-0.535096	-0.410473
-0.666329	-0.258262
-0.707008	-0.283271
-0.506712	-0.294182
-0.424808	0.0113988
-0.693179	0.112989
-0.63429	0.115092
-0.352062	0.131698
-0.120432	0.0586468
-0.0926021	0.0575388
-0.283157	0.000724282
-0.560013	-0.11435
-0.603283	-0.222114
-0.82656	-0.224779
-0.68534	-0.232076
-0.16687	-0.0838912
0.145573	-0.290398
-0.125468	-0.227722
-0.194728	-0.31555
-0.153388	-0.269588
-0.0391713	-0.177496
0.0066484	0.0669966
0.0370985	0.259411
0.544481	0.0534874
0.417733	-0.134864
0.247979	-0.311399
0.0862008	-0.494617
-0.00278952	-0.360963
0.15975	-0.249537
0.156433	0.202119
0.190596	0.116686
0.236769	0.121123
0.248294	0.253811
0.228898	0.03964
0.266202	0.122554
0.0608419	0.278336
0.0325322	0.160578
-0.270753	-0.0494141
-0.0870023	-0.0180804
-0.216866	-0.100383
-0.172294	-0.202851
-0.341386	-0.147628
-0.501914	0.023909
-0.602679	0.167036
-0.348574	0.0811977
-0.416049	0.159779
-0.67789	0.268758
-0.6039	0.341084
-0.0536869	0.191878
-0.0922028	0.131096
-0.128243	0.18942
-0.317324	0.206145
-0.471631	0.0632126
-0.525731	-0.125885
-0.465453	-0.0753624
-0.318269	0.127618
0.0212364	0.134493
0.17102	0.227126
0.166219	0.137263
0.285008	0.179645
-0.0506605	0.176849
-0.149301	0.126105
0.155221	0.0840656
0.131338	0.195316
-0.208578	0.281272
-0.225934	0.151778
-0.72347	0.0180751
-0.81926	-0.151586
-0.791386	-0.0287512
-0.456977	-0.102147
-0.315725	0.110073
-0.817989	0.120604
-1.02698	0.202658
-0.970259	0.219507
-1.07501	0.322449
-0.954348	0.304024
-0.925934	0.309587
-0.826177	0.304771
-0.784049	0.420128
-0.646358	0.681892
-0.422319	0.698763
-0.340153	0.662242
-0.124666	0.529247
0.0214816	0.457594
-0.201513	0.298279
-0.494478	0.0674901
-0.451169	0.145327
-0.349703	-0.0785945
-0.475198	-0.403765
-0.398309	-0.320387
-0.127682	0.081906
0.0226724	0.0897494
-0.164627	0.238402
-0.243733	0.179487
-0.196581	-0.0503955
-0.36491	-0.256397
-0.460942	-0.256159
-0.64549	-0.0882829
-0.56031	-0.0494937
-0.500325	-0.085419
-0.614449	-0.0308953
-0.598624	-0.107348
-0.654109	-0.0772255
-0.617761	-0.0516975
-0.662698	0.110416
-0.560199	0.372187
-0.369304	0.648123
-0.12167	0.804756
0.00490541	0.678633
-0.630579	0.679055
-0.57429	0.701804
-0.391356	0.69763
-0.370722	0.674282
-0.218445	0.676227
0.0133499	0.49904
-0.0916327	0.386294
-0.349347	0.127327
-0.447467	0.176036
-0.653889	-0.16348
-0.851858	-0.13083
-0.539947	0.0529939
-0.671741	-0.138984
-0.406597	-0.345974
-0.397155	-0.404321
-0.554178	-0.360261
-0.743074	-0.163265
-0.898456	0.16335
-0.530638	0.305157
-0.86169	0.412388
-0.990049	0.318899
-0.775482	0.172294
-0.437325	0.0606847
-0.230578	0.076178
-0.237657	0.0954903
-0.245786	0.182059
-0.27456	0.086388
-0.230102	0.0930734
-0.279583	0.022605
-0.372168	-0.087141
-0.443264	-0.163407
-0.474152	-0.282182
-0.489821	-0.34495
-0.648747	-0.258601
-0.702833	-0.202909
-0.792951	-0.151926
-0.844045	0.261624
-0.769511	0.615017
-0.833811	0.710002
-0.704841	0.646841
-0.490113	0.457481
-0.13054	0.45103
0.125962	0.69145
0.273294	0.889538
0.290732	0.949519
0.303106	1.05364
0.200926	1.0334
0.0532562	1.03759
-0.204394	0.957506
-0.501051	0.803235
-0.658829	0.511176
-0.802419	0.236986
-0.794604	-0.0599577
-0.731434	-0.248143
-0.724959	-0.363089
-0.779595	-0.283243
-0.790427	-0.00809657
-0.800498	0.1658
-0.508398	0.21963
-0.7432	0.242169
-0.610927	0.0974749
-0.527055	-0.157031
-0.423618	-0.30192
-0.360708	-0.327801
-0.160957	-0.331556
0.00779574	-0.279644
0.102708	-0.122273
0.0683271	0.0738365
-0.113235	0.209013
-0.238354	0.309656
-0.328092	0.310886
-0.438965	0.213464
-0.587197	0.520909
-0.636224	0.642035
-0.61636	0.719138
-0.605274	0.662535
-0.576062	0.712511
-0.450788	0.637383
0.102933	0.53164
0.31172	0.704237
0.207917	0.937054
0.00493936	1.06121
-0.222134	0.979641
-0.38272	0.887838
-0.495075	0.678632
-0.561001	0.497625
-0.573245	0.30636
-0.535537	0.177149
-0.299465	0.0642973
0.158268	0.0137475
0.150064	0.31522
-0.00917793	0.232905
-0.12822	-0.0278265
-0.0306754	-0.0429106
-0.158573	-0.257769
-0.365592	-0.315728
-0.439947	-0.383751
-0.477402	-0.273383
-0.495458	-0.183866
-0.606833	-0.162197
-0.61228	-0.0847219
-0.590365	-0.0961879
-0.632639	0.0287966
-0.149556	0.238079
-0.117334	0.578129
0.315916	0.55217
0.26261	0.456295
0.0951464	0.322734
-0.27295	0.19138
-0.210192	0.398747
-0.432274	0.442006
-0.57683	0.515195
-0.811414	0.733575
-0.871227	1.06546
-0.65388	1.08384
-0.5913	1.03993
-0.624891	1.06306
-0.570338	0.935699
-0.66703	0.824531
-0.818374	0.759866
-0.766654	0.442674
-0.73644	0.384463
-0.525635	0.206373
-0.327816	0.215658
-0.217834	-0.0501954
-0.115333	0.0498018
-0.263167	0.420572
-0.312762	0.281033
-0.578759	0.0722157
-0.529667	-0.0417973
-0.885702	-0.12118
-0.648636	0.0817901
-0.484247	0.232218
-0.599986	0.245851
-0.267765	0.733624
-0.17304	0.706802
0.0363111	0.895591
-0.352884	0.961382
-0.374326	0.892467
-0.559125	0.533763
-0.954288	0.017793
-0.672196	0.210844
-1.03877	0.104774
-0.831272	-0.0607715
-0.627378	-0.240811
-0.770704	-0.156941
-0.878822	0.153626
-0.745033	-0.108277
-0.565403	-0.52044
-0.705557	-0.44692
-0.770785	-0.135399
-0.407966	-0.0831505
-0.374358	0.0122642
-0.236619	-0.158988
-0.222843	-0.109454
-0.439085	-0.376246
-0.437273	-0.35849
-0.765127	-0.527609
-0.732551	-0.513768
-0.755622	-0.501923
-0.502883	-0.291549
-0.523901	-0.249142
-0.700124	-0.113124
-0.933518	-0.350694
-0.61924	-0.281305
-0.719393	-0.202145
-0.832402	-0.250772
-0.846222	-0.294864
-0.693611	-0.175798
