DATA: 4410 x 18
Ep!
Feature 0
-0.543634	rho[0][5]
-0.448675	rho[0][8]
-0.320146	rho[0][3]
-0.300835	rho[0][11]
-0.260105	rho[0][10]
-0.240305	rho[0][16]
-0.115253	rho[0][1]
-0.0962734	rho[0][17]
0.0687994	rho[0][2]
-0.0560883	rho[0][13]
-0.0557255	rho[0][6]
-0.0550301	rho[0][12]
-0.04639	rho[0][7]
0.0364652	rho[0][9]
-0.0283347	rho[0][4]
0.0247655	rho[0][14]
-0.00590384	rho[0][15]

Feature 1
-0.33665	rho[1][6]
0.331188	rho[1][8]
-0.206769	rho[1][12]
-0.196222	rho[1][3]
-0.167664	rho[1][4]
0.148295	rho[1][2]
-0.126977	rho[1][11]
-0.118355	rho[1][5]
-0.115253	rho[1][0]
-0.0717034	rho[1][17]
0.0715905	rho[1][7]
-0.0585862	rho[1][16]
-0.0572433	rho[1][9]
0.038415	rho[1][14]
-0.0282673	rho[1][10]
0.0184993	rho[1][13]
-0.0184218	rho[1][15]

Feature 2
-0.191244	rho[2][6]
-0.177738	rho[2][3]
0.148295	rho[2][1]
-0.103123	rho[2][5]
0.0955555	rho[2][13]
-0.0903404	rho[2][7]
0.0880464	rho[2][15]
0.0758233	rho[2][17]
0.0687994	rho[2][0]
0.064823	rho[2][14]
-0.0584349	rho[2][11]
0.0548269	rho[2][4]
-0.0445692	rho[2][16]
0.0331231	rho[2][10]
-0.0302432	rho[2][8]
-0.0293131	rho[2][12]
0.0166855	rho[2][9]

Feature 3
-0.320146	rho[3][0]
0.30344	rho[3][10]
0.232839	rho[3][5]
-0.196222	rho[3][1]
-0.177738	rho[3][2]
0.134008	rho[3][6]
0.133983	rho[3][12]
0.114928	rho[3][17]
-0.0877268	rho[3][9]
0.0877096	rho[3][16]
0.0851408	rho[3][11]
-0.0729309	rho[3][14]
0.0689798	rho[3][8]
-0.0444453	rho[3][15]
0.0108452	rho[3][13]
-0.00638171	rho[3][7]
0.00164887	rho[3][4]

Feature 4
-0.167664	rho[4][1]
0.148074	rho[4][17]
-0.121902	rho[4][6]
0.113751	rho[4][10]
-0.0817258	rho[4][5]
0.0798892	rho[4][15]
0.0694238	rho[4][16]
-0.0690955	rho[4][8]
0.0548269	rho[4][2]
0.0541824	rho[4][12]
0.0535997	rho[4][13]
0.0523648	rho[4][11]
0.0462697	rho[4][14]
-0.0283347	rho[4][0]
-0.0192196	rho[4][7]
-0.00519384	rho[4][9]
0.00164887	rho[4][3]

Feature 5
-0.543634	rho[5][0]
0.278046	rho[5][8]
0.244862	rho[5][11]
0.232839	rho[5][3]
-0.198518	rho[5][7]
0.18927	rho[5][16]
-0.118355	rho[5][1]
0.108781	rho[5][12]
-0.103123	rho[5][2]
-0.0942458	rho[5][14]
-0.0817258	rho[5][4]
-0.0761375	rho[5][15]
-0.0598808	rho[5][13]
-0.05838	rho[5][9]
0.0313313	rho[5][6]
0.0219519	rho[5][17]
0.00963307	rho[5][10]

Feature 6
-0.33665	rho[6][1]
-0.191244	rho[6][2]
0.134008	rho[6][3]
-0.132531	rho[6][7]
-0.121902	rho[6][4]
-0.115918	rho[6][8]
-0.10826	rho[6][15]
0.0907982	rho[6][9]
0.0867489	rho[6][16]
-0.0713249	rho[6][13]
-0.0663411	rho[6][14]
-0.0557255	rho[6][0]
-0.0419471	rho[6][10]
0.0370597	rho[6][11]
0.0313313	rho[6][5]
0.0255972	rho[6][17]
0.00369907	rho[6][12]

Feature 7
-0.198518	rho[7][5]
0.175937	rho[7][14]
-0.132531	rho[7][6]
0.116203	rho[7][15]
0.0948218	rho[7][10]
0.0916835	rho[7][8]
-0.0903404	rho[7][2]
0.0715905	rho[7][1]
-0.04639	rho[7][0]
-0.0449516	rho[7][9]
-0.0430272	rho[7][11]
0.0404448	rho[7][17]
-0.037611	rho[7][16]
-0.0192196	rho[7][4]
-0.0110952	rho[7][12]
0.00723668	rho[7][13]
-0.00638171	rho[7][3]

Feature 8
-0.448675	rho[8][0]
0.331188	rho[8][1]
0.278046	rho[8][5]
0.1542	rho[8][11]
0.130599	rho[8][16]
0.129105	rho[8][10]
-0.115918	rho[8][6]
-0.11353	rho[8][9]
0.0916835	rho[8][7]
-0.0690955	rho[8][4]
0.0689798	rho[8][3]
-0.0641188	rho[8][12]
-0.0385051	rho[8][13]
-0.0332783	rho[8][14]
-0.0302432	rho[8][2]
0.0269029	rho[8][15]
0.0142448	rho[8][17]

Feature 9
-0.11353	rho[9][8]
-0.110322	rho[9][10]
0.0907982	rho[9][6]
-0.0877268	rho[9][3]
-0.0758027	rho[9][15]
0.0740994	rho[9][16]
0.0635931	rho[9][14]
0.0632478	rho[9][12]
0.061279	rho[9][17]
-0.05838	rho[9][5]
-0.0572433	rho[9][1]
-0.0449516	rho[9][7]
0.0364652	rho[9][0]
0.0285431	rho[9][13]
0.0166855	rho[9][2]
-0.00519384	rho[9][4]
0.0015928	rho[9][11]

Feature 10
0.30344	rho[10][3]
-0.260105	rho[10][0]
0.194818	rho[10][17]
0.129105	rho[10][8]
0.113751	rho[10][4]
-0.110322	rho[10][9]
0.0984313	rho[10][15]
0.0948218	rho[10][7]
0.0924104	rho[10][12]
-0.0765458	rho[10][14]
0.0464884	rho[10][13]
-0.0419471	rho[10][6]
0.039708	rho[10][11]
0.0331231	rho[10][2]
-0.0282673	rho[10][1]
0.0106939	rho[10][16]
0.00963307	rho[10][5]

Feature 11
-0.300835	rho[11][0]
0.244862	rho[11][5]
0.1542	rho[11][8]
0.152152	rho[11][16]
-0.126977	rho[11][1]
0.0851408	rho[11][3]
0.0665118	rho[11][13]
-0.0616081	rho[11][17]
-0.0595955	rho[11][12]
-0.0584349	rho[11][2]
0.0523648	rho[11][4]
-0.0430272	rho[11][7]
0.039708	rho[11][10]
0.0370597	rho[11][6]
-0.0334711	rho[11][14]
0.00483474	rho[11][15]
0.0015928	rho[11][9]

Feature 12
-0.206769	rho[12][1]
0.133983	rho[12][3]
0.127985	rho[12][17]
0.10881	rho[12][14]
0.108781	rho[12][5]
0.0924104	rho[12][10]
-0.0641188	rho[12][8]
0.0632478	rho[12][9]
-0.0595955	rho[12][11]
-0.0550301	rho[12][0]
0.0541824	rho[12][4]
0.0524154	rho[12][15]
-0.0293131	rho[12][2]
-0.023165	rho[12][16]
-0.0200938	rho[12][13]
-0.0110952	rho[12][7]
0.00369907	rho[12][6]

Feature 13
0.13858	rho[13][15]
0.0955555	rho[13][2]
-0.0713249	rho[13][6]
0.0673757	rho[13][14]
0.0665118	rho[13][11]
-0.0598808	rho[13][5]
-0.0560883	rho[13][0]
0.0535997	rho[13][4]
0.0464884	rho[13][10]
-0.0385051	rho[13][8]
0.0285431	rho[13][9]
-0.0200938	rho[13][12]
0.0184993	rho[13][1]
0.0108452	rho[13][3]
0.00723668	rho[13][7]
-0.00346047	rho[13][17]
0.000159478	rho[13][16]

Feature 14
0.175937	rho[14][7]
0.10881	rho[14][12]
0.0988057	rho[14][15]
-0.0942458	rho[14][5]
-0.0765458	rho[14][10]
0.0762041	rho[14][17]
-0.0729309	rho[14][3]
0.0673757	rho[14][13]
-0.0663411	rho[14][6]
0.064823	rho[14][2]
0.0635931	rho[14][9]
0.0467988	rho[14][16]
0.0462697	rho[14][4]
0.038415	rho[14][1]
-0.0334711	rho[14][11]
-0.0332783	rho[14][8]
0.0247655	rho[14][0]

Feature 15
0.13858	rho[15][13]
0.116203	rho[15][7]
-0.10826	rho[15][6]
0.0988057	rho[15][14]
0.0984313	rho[15][10]
0.0880464	rho[15][2]
0.0798892	rho[15][4]
-0.0761375	rho[15][5]
-0.0758027	rho[15][9]
0.0607446	rho[15][17]
0.0524154	rho[15][12]
-0.0444453	rho[15][3]
0.0376824	rho[15][16]
0.0269029	rho[15][8]
-0.0184218	rho[15][1]
-0.00590384	rho[15][0]
0.00483474	rho[15][11]

Feature 16
-0.240305	rho[16][0]
0.18927	rho[16][5]
0.152152	rho[16][11]
0.130599	rho[16][8]
0.0971456	rho[16][17]
0.0877096	rho[16][3]
0.0867489	rho[16][6]
0.0740994	rho[16][9]
0.0694238	rho[16][4]
-0.0585862	rho[16][1]
0.0467988	rho[16][14]
-0.0445692	rho[16][2]
0.0376824	rho[16][15]
-0.037611	rho[16][7]
-0.023165	rho[16][12]
0.0106939	rho[16][10]
0.000159478	rho[16][13]

Feature 17
0.194818	rho[17][10]
0.148074	rho[17][4]
0.127985	rho[17][12]
0.114928	rho[17][3]
0.0971456	rho[17][16]
-0.0962734	rho[17][0]
0.0762041	rho[17][14]
0.0758233	rho[17][2]
-0.0717034	rho[17][1]
-0.0616081	rho[17][11]
0.061279	rho[17][9]
0.0607446	rho[17][15]
0.0404448	rho[17][7]
0.0255972	rho[17][6]
0.0219519	rho[17][5]
0.0142448	rho[17][8]
-0.00346047	rho[17][13]

